0 4.79
800 16.8
1600 8.62
2400 5.75
3200 5.58
4000 7.72
4800 4.97
5600 8.40
6400 63.0
7200 6.50
8000 6.87
8800 4.87
9600 8.64
10400 4.84
11200 6.88
12000 5.12
12800 4.83
13600 7.73
14400 8.26
15200 6.23
16000 6.68
16800 8.76
17600 5.96
18400 7.96
19200 6.39
20000 4.57
20800 20.4
21600 6.84
22400 6.67
23200 6.42
24000 9.97
24800 7.27
25600 5.59
26400 7.34
27200 15.0
28000 7.88
28800 5.40
29600 4.54
30400 7.55
31200 6.83
32000 5.82
32800 4.58
33600 5.68
34400 7.46
35200 5.07
36000 4.67
36800 8.45
37600 5.97
38400 4.94
39200 6.25
40000 6.75
40800 10.7
41600 6.78
42400 7.83
43200 8.24
44000 7.61
44800 7.87
45600 4.55
46400 6.68
47200 5.60
48000 4.64
48800 4.69
49600 6.72
50400 11.9
51200 5.76
52000 9.65
52800 5.35
53600 6.86
54400 7.45
55200 5.57
56000 7.79
56800 15.8
57600 7.27
58400 14.0
59200 5.41
60000 6.61
60800 6.19
61600 7.78
62400 8.45
63200 7.61
64000 11.1
64800 11.3
65600 8.53
66400 8.62
67200 8.40
68000 6.10
68800 5.75
69600 7.37
70400 6.58
71200 7.43
72000 7.18
72800 9.15
73600 45.7
74400 8.54
75200 7.52
76000 6.28
76800 23.2
77600 7.76
78400 12.7
79200 14.8
80000 9.32
80800 15.2
81600 8.54
82400 7.70
83200 6.03
84000 10.6
