0 4.79
800 16.4852
1600 7.68786
2400 7.52083
3200 6.1935
4000 8.63402
4800 25.3976
5600 7.60177
6400 29.6194
7200 6.57485
8000 6.67615
8800 5.87518
9600 8.23803
10400 6.50946
11200 7.00401
12000 7.1707
12800 14.3249
13600 6.98487
14400 7.92016
15200 6.68073
16000 7.36766
16800 18.476
17600 6.4646
18400 7.19476
19200 6.87238
20000 6.14074
20800 10.9609
21600 6.96908
22400 7.34619
23200 31.1297
24000 7.43133
24800 7.27907
25600 12.8251
26400 7.94124
27200 19.7906
28000 7.89836
28800 6.66978
29600 8.25262
30400 7.42595
31200 9.53487
32000 6.58688
32800 8.23875
33600 6.71087
34400 7.10643
35200 6.33036
36000 5.80257
36800 6.52075
37600 7.41797
38400 5.92956
39200 6.73796
40000 6.34752
40800 8.10237
41600 6.54243
42400 9.79346
43200 7.13051
44000 13.827
44800 6.85563
45600 6.388
46400 6.39712
47200 7.03097
48000 7.11262
48800 6.69076
49600 8.56789
50400 8.59047
51200 8.71493
52000 7.60412
52800 9.46628
53600 7.58472
54400 7.02057
55200 7.59944
56000 6.4887
56800 31.0325
57600 6.90272
58400 14.6337
59200 6.40725
60000 6.89877
60800 10.2399
61600 7.34274
62400 8.23563
63200 7.37236
64000 8.50383
64800 8.40363
65600 11.6484
66400 7.95911
67200 12.4351
68000 19.0701
68800 7.7131
69600 7.92441
70400 7.33006
71200 12.342
72000 7.52402
72800 8.081
73600 18.3229
74400 7.77355
75200 8.03375
76000 7.71388
76800 10.8278
77600 7.13587
78400 8.49303
79200 9.22249
80000 9.67367
80800 12.5276
81600 9.46859
82400 8.06019
83200 6.80642
84000 8.62106
