2.834
1.171
1.049
13.722
10.551
11.258
28.686
20.858
18.089
22.710
25.287
31.838
117.068
116.910
120.372
108.381
109.514
107.351
138.988
110.686
122.648
118.338
122.231
111.343
105.091
145.911
147.422
191.011
199.872
198.303
200.457
309.443
182.709
199.817
204.838
205.475
198.519
251.488
202.059
203.281
221.127
196.853
306.859
201.052
1.294
0.839
0.794
8.166
6.910
11.819
17.790
22.328
23.513
22.658
23.097
21.802
119.143
121.992
123.853
108.509
108.791
110.654
153.242
107.966
107.825
126.636
105.791
105.812
144.062
153.741
189.157
195.300
182.169
205.341
199.523
200.360
201.816
204.933
202.266
196.322
1.215
0.943
0.812
99.720
10.406
8.421
36.959
23.421
23.484
54.505
25.265
72.433
146.633
138.019
120.199
121.234
106.786
175.804
109.712
116.771
118.510
106.490
105.712
104.997
105.418
105.828
151.576
190.119
199.071
189.173
318.982
201.211
275.839
204.910
197.016
204.181
198.491
204.049
1.250
0.884
0.813
10.078
6.417
31.856
19.305
19.968
23.101
24.766
22.963
24.105
123.904
135.244
117.945
115.401
120.514
121.614
113.986
119.910
119.961
121.906
121.922
103.540
144.520
157.449
150.686
142.601
300.406
184.152
310.722
301.983
204.539
204.191
198.912
254.390
201.328
194.466
203.088
198.486
44.040
0.997
15.239
4.814
9.215
21.301
18.180
23.226
24.841
22.162
26.297
121.079
120.903
156.357
113.479
118.657
108.779
118.190
132.855
110.351
109.825
153.366
108.565
161.952
156.428
146.487
189.152
376.839
306.746
200.692
200.103
198.046
203.463
255.388
202.460
197.195
194.845
203.808
261.085
199.515
3.613
0.869
0.840
5.759
8.915
7.871
21.891
38.809
28.884
24.306
30.069
30.316
150.380
131.063
125.509
118.715
177.802
120.896
118.283
119.762
109.880
108.834
102.873
120.271
153.327
106.826
143.549
147.256
158.508
149.554
189.619
184.639
184.484
183.592
240.704
305.943
201.142
220.303
208.615
198.382
202.110
239.528
200.205
194.943
203.005
1.303
0.860
0.807
9.623
8.985
9.692
52.936
22.196
20.736
21.438
24.937
22.049
118.526
119.924
123.825
176.295
119.159
107.943
123.123
111.455
111.848
105.382
117.364
179.860
107.742
170.731
145.279
198.291
206.895
342.734
220.852
196.819
196.487
197.585
221.108
3.639
1.202
1.032
9.264
3.177
10.557
22.002
26.585
21.396
29.537
50.134
23.838
120.691
120.408
159.127
108.187
110.030
108.911
117.948
108.173
141.551
106.762
103.816
109.603
155.258
149.262
193.190
198.307
181.475
187.960
203.260
204.897
211.661
197.424
204.028
197.746
263.759
195.159
203.385
196.768
199.267
21.176
1.079
1.068
4.792
6.695
9.351
23.050
22.672
24.162
24.037
21.701
25.615
120.663
120.324
123.189
106.686
108.863
119.866
117.467
128.268
111.969
102.743
166.578
108.376
102.599
104.633
150.020
144.858
247.092
276.736
223.672
198.840
191.391
204.484
407.821
204.400
197.790
194.678
195.768
1.233
0.863
0.851
6.213
16.019
7.185
22.117
22.685
24.038
36.030
29.049
26.828
119.214
117.019
117.576
114.148
108.156
109.767
117.176
113.059
129.581
128.035
104.483
172.519
153.280
155.079
146.030
167.779
190.031
188.114
234.893
186.063
189.316
204.718
201.002
200.816
194.729
201.449
202.882
205.887
1.169
0.880
0.827
11.920
6.666
4.976
24.029
21.156
25.694
21.820
22.530
24.831
121.901
117.642
119.638
118.977
120.725
119.732
120.482
122.502
123.890
120.145
113.496
108.832
154.410
107.798
104.408
152.141
198.262
188.965
204.490
276.773
199.488
203.327
224.784
199.075
204.257
196.774
195.421
197.835
17.452
1.098
14.629
77.966
8.828
23.761
21.828
20.354
25.269
22.208
24.263
119.124
141.854
126.906
108.839
135.649
114.522
113.813
120.080
119.631
131.163
107.805
106.131
141.304
159.213
147.893
142.748
157.382
193.992
211.651
204.228
203.305
201.582
199.387
266.582
203.379
215.671
201.433
197.741
316.037
194.491
1.254
0.883
0.869
8.664
6.420
7.031
26.244
23.158
19.333
24.172
22.224
22.092
118.233
131.160
119.808
117.574
118.966
110.390
134.940
121.876
121.328
109.167
116.025
116.447
154.782
150.636
152.856
230.182
188.856
321.350
216.613
198.717
199.519
204.869
200.681
194.971
199.413
195.271
200.038
204.822
1.224
0.862
0.869
11.156
6.882
7.031
27.851
18.619
21.226
21.326
36.404
27.171
119.230
116.874
121.453
112.358
109.234
125.996
132.407
115.250
110.960
105.892
107.360
106.012
105.093
108.820
142.837
187.408
195.040
246.912
215.422
392.833
203.221
239.761
195.703
194.369
197.003
196.201
7.606
35.539
0.886
10.233
46.736
5.827
21.757
19.052
23.225
28.218
22.662
26.270
119.855
120.348
120.761
107.996
120.521
108.549
119.250
119.367
112.664
120.308
131.000
124.331
142.908
106.214
106.881
149.255
146.252
184.162
251.299
220.246
217.765
202.719
199.443
202.915
270.401
1.178
0.879
0.822
9.047
5.457
9.447
24.703
24.665
36.247
44.232
26.085
46.624
126.287
122.414
119.060
109.016
120.038
113.911
118.405
119.215
123.785
126.967
106.638
104.590
106.013
109.192
154.833
163.256
159.236
195.950
188.078
202.267
210.612
283.628
306.247
201.414
206.862
201.537
199.970
244.741
199.602
198.566
192.541
35.211
2.045
9.291
17.202
11.935
24.118
23.660
20.735
23.408
23.765
22.492
123.130
119.466
122.666
138.165
109.805
113.473
124.175
116.824
145.006
110.537
110.457
144.002
150.754
182.852
103.510
142.317
147.151
158.688
183.785
192.354
186.855
245.657
183.273
210.968
207.201
201.390
203.963
201.562
200.478
202.625
197.755
195.319
205.617
223.136
1.239
1.152
0.813
15.431
84.096
11.293
21.946
18.015
23.059
22.574
24.865
24.191
118.803
141.174
122.154
118.967
119.473
125.110
118.334
111.340
117.428
114.528
118.264
107.996
108.549
143.981
152.997
217.626
209.195
321.240
199.504
204.453
416.071
374.535
202.416
223.052
212.650
26.551
5.354
8.090
104.617
11.994
19.352
18.759
23.735
28.058
25.341
21.515
19.908
118.659
121.421
122.399
109.280
144.566
118.607
118.764
123.037
113.734
109.410
147.544
108.198
150.329
106.085
159.524
219.520
198.053
182.764
184.329
204.144
203.790
198.761
205.814
203.381
194.046
196.917
199.396
325.405
202.902
195.902
194.827
1.195
0.845
0.890
7.914
10.188
8.048
62.382
19.184
21.282
20.678
24.800
21.034
120.806
121.736
120.071
110.304
111.237
108.018
121.039
113.417
109.371
102.189
101.160
107.046
168.745
145.513
140.974
156.402
193.550
191.829
203.834
189.195
203.985
202.405
196.353
194.064
202.492
202.248
204.134
197.741
1.215
0.876
0.846
22.462
5.448
11.780
24.707
22.284
23.016
22.051
21.943
23.891
120.175
116.614
119.828
108.721
106.798
119.690
184.769
113.047
119.422
106.830
105.630
102.318
159.605
153.203
146.149
149.503
189.667
221.940
203.276
213.233
199.856
200.874
249.487
229.661
197.571
205.663
213.049
202.255
414.311
1.475
4.697
1.131
11.278
13.043
5.307
21.217
23.233
21.358
48.005
22.921
22.740
119.531
116.304
112.043
108.967
107.359
113.691
119.582
117.261
121.773
135.134
109.281
106.693
106.620
141.653
190.294
197.057
189.886
200.846
203.751
203.252
261.208
205.822
197.565
200.427
201.889
1.216
0.863
0.829
4.656
10.216
7.441
92.923
20.481
23.084
25.975
30.401
23.484
120.409
122.287
121.735
110.058
115.908
107.788
119.577
129.745
110.039
103.031
102.888
119.222
105.276
123.058
103.630
187.683
187.733
201.631
196.541
204.290
207.573
201.196
204.886
212.775
208.060
197.011
197.495
1.857
0.909
0.856
14.456
9.689
13.072
20.428
35.745
22.699
24.594
19.968
25.621
119.843
118.251
166.736
114.711
111.608
110.571
109.131
119.996
118.254
133.560
108.550
109.377
155.864
121.510
145.630
194.036
194.004
240.199
304.617
199.276
311.702
202.446
192.654
244.174
193.376
204.660
201.356
199.768
250.571
1.347
0.871
0.803
10.624
7.097
8.641
19.011
20.785
24.047
34.400
21.867
119.333
119.341
123.423
118.156
111.386
122.210
115.633
111.306
117.083
148.390
162.955
157.621
152.008
193.496
183.504
187.297
197.248
208.069
200.548
204.760
220.740
198.059
209.002
197.191
207.861
204.735
1.343
0.887
0.876
14.080
8.759
8.551
24.446
20.073
20.564
38.062
26.739
48.493
121.354
119.774
124.219
124.047
139.848
119.706
121.739
117.798
132.495
105.108
119.844
107.642
156.110
148.973
172.704
149.588
153.602
188.275
195.418
187.856
185.587
198.362
202.619
198.592
196.754
195.893
200.540
196.428
199.367
235.270
1.189
0.891
0.896
7.286
7.047
8.397
25.102
94.712
23.292
24.804
21.084
20.166
120.264
122.836
119.114
120.981
109.185
121.033
132.322
137.491
125.244
124.975
127.336
107.213
147.398
153.324
186.357
189.729
236.968
182.576
184.842
210.170
199.609
199.029
204.763
198.173
196.061
192.980
1.180
0.861
0.804
10.845
6.833
8.408
20.760
40.916
21.707
28.476
31.306
19.922
120.805
118.677
120.984
175.263
109.184
110.347
117.779
121.008
107.648
106.179
108.790
160.314
141.451
160.216
181.126
192.060
188.606
189.194
265.693
192.084
202.985
201.251
199.631
200.439
200.598
199.370
199.305
195.113
194.454
3.286
1.127
10.296
12.721
11.257
19.981
21.248
18.067
23.953
21.165
20.028
116.560
121.916
122.431
110.754
109.557
119.122
121.031
118.416
112.126
104.808
109.353
117.840
144.873
148.930
141.811
141.333
182.815
192.000
200.332
199.731
206.590
210.247
198.417
499.138
306.781
202.868
204.152
194.881
198.040
197.980
197.043
198.871
1.533
1.020
0.810
10.134
5.766
7.674
22.570
23.594
27.392
35.543
24.495
22.767
116.650
120.689
118.881
122.250
117.261
117.923
120.950
116.021
112.555
118.339
119.543
173.394
149.596
142.538
184.852
188.219
217.898
267.297
191.164
209.641
201.723
195.606
270.734
307.282
196.489
204.378
195.306
323.337
206.735
197.724
1.228
0.852
0.828
9.547
7.190
7.887
23.522
20.848
22.926
23.736
22.901
24.240
123.637
120.336
120.082
111.827
111.458
166.904
117.500
117.246
109.746
101.735
104.232
120.089
142.344
155.478
147.035
186.822
193.624
200.837
185.108
207.835
203.484
200.604
198.550
197.624
381.934
196.611
196.644
195.170
200.289
195.504
4.082
1.015
1.032
133.465
4.514
7.898
33.165
23.060
25.725
23.189
60.156
120.569
134.055
121.420
120.508
113.373
115.076
121.346
112.708
118.256
153.744
105.349
164.641
138.265
104.046
158.601
156.791
191.029
189.853
185.609
201.654
188.021
302.255
305.539
216.493
211.194
204.181
203.448
213.831
194.518
197.763
1.258
0.877
0.819
8.646
7.019
9.313
19.590
18.708
21.592
21.436
22.551
21.271
120.670
121.057
118.445
138.851
113.274
107.991
139.950
113.575
117.343
108.352
134.429
157.920
104.667
153.421
155.548
193.145
185.890
190.026
200.229
187.609
182.822
326.326
310.744
198.922
202.929
201.958
197.869
383.406
1.269
0.989
34.332
7.606
12.691
21.550
22.190
20.887
20.749
24.403
25.756
199.082
120.004
143.395
119.511
110.172
113.632
121.333
135.819
168.935
139.221
108.185
129.871
141.926
150.175
103.635
160.878
184.856
192.597
183.550
206.129
204.763
250.410
332.875
204.521
203.607
201.513
198.560
199.189
1.476
0.879
0.853
8.222
6.929
8.665
45.233
20.730
20.094
22.105
21.299
21.071
121.650
122.676
119.600
117.561
110.268
110.923
120.826
113.459
114.958
119.143
102.405
115.943
148.384
105.531
143.308
182.084
197.825
186.406
184.606
225.375
185.456
201.872
218.896
193.238
201.325
205.801
200.354
204.837
195.201
202.974
197.994
11.919
1.121
1.081
4.322
8.446
6.850
20.774
22.838
18.694
21.354
25.761
31.580
118.202
119.522
119.882
110.307
120.599
112.564
119.298
115.630
103.725
102.921
145.253
151.010
144.028
182.712
146.886
148.660
182.042
180.232
206.638
279.725
243.665
194.791
217.782
198.635
196.230
55.111
1.096
10.171
12.160
11.578
20.934
22.981
21.202
21.162
23.161
23.879
117.584
120.705
120.860
110.098
118.062
110.119
112.892
117.128
113.119
106.662
105.294
127.764
152.749
139.440
146.246
150.753
520.705
189.516
191.859
184.888
204.039
200.455
247.596
202.612
200.180
198.926
197.107
34.705
1.006
10.943
6.835
7.989
21.550
20.249
21.972
22.259
23.249
21.486
121.209
118.882
118.085
122.982
109.763
110.494
119.248
115.621
120.945
118.827
105.129
118.473
141.327
150.341
104.427
163.970
284.914
203.517
279.187
209.457
237.467
200.366
200.879
258.961
198.722
205.300
201.207
195.676
196.735
1.608
1.824
1.565
34.231
9.370
10.023
42.832
21.667
20.928
33.804
21.376
22.850
120.968
121.044
119.463
118.986
117.693
122.744
113.460
120.607
111.605
107.522
104.820
109.336
150.173
105.910
101.597
208.404
190.558
188.856
197.311
186.791
204.211
205.496
205.389
200.869
203.235
240.037
197.166
194.136
1.253
1.614
2.023
6.581
7.141
7.914
22.940
192.541
23.142
23.094
23.660
23.512
119.094
119.253
121.440
117.812
116.899
122.325
109.581
137.714
119.836
104.500
107.129
145.722
138.526
106.129
216.453
159.024
141.330
189.599
268.920
266.339
292.993
202.395
200.967
232.283
203.756
197.200
199.437
198.106
239.658
1.259
1.929
1.132
24.748
8.507
13.722
120.703
25.550
26.464
22.830
21.721
21.501
120.716
117.340
120.642
117.667
120.299
117.934
140.467
145.867
117.539
119.044
118.793
116.035
142.296
144.206
147.884
184.862
182.248
200.360
204.881
234.030
209.326
209.990
337.829
198.934
196.096
199.049
1.237
0.891
2.839
7.530
10.738
7.287
28.292
25.077
23.357
119.293
132.510
118.260
112.894
109.388
137.812
145.884
116.105
121.032
119.935
127.472
107.478
103.041
145.104
162.335
157.744
188.396
190.166
187.407
188.098
203.771
300.326
306.020
200.980
196.711
200.295
208.349
201.417
198.356
195.272
196.823
194.430
19.830
2.625
1.148
5.785
14.420
7.489
21.179
19.463
19.767
26.328
24.914
25.520
123.206
117.062
117.477
119.565
110.959
120.584
111.128
165.668
110.450
113.435
121.787
120.563
148.363
160.995
143.572
162.627
188.194
193.862
188.016
191.425
204.699
218.222
301.331
225.466
240.123
199.609
195.325
1.418
11.031
1.138
9.772
7.951
6.134
23.986
23.368
21.008
21.476
24.679
23.797
121.022
134.829
117.502
110.529
112.177
110.810
122.374
126.753
117.220
164.323
102.123
107.071
149.194
145.035
144.849
154.057
197.814
194.912
187.158
185.402
190.973
262.223
203.957
206.010
201.195
201.782
193.928
201.041
195.179
202.424
202.965
1.243
0.850
0.804
9.259
74.935
11.452
25.505
21.179
19.452
21.935
23.464
23.761
122.032
146.399
120.120
116.496
109.873
106.527
117.122
118.618
116.009
111.128
117.706
116.635
108.588
118.098
105.801
147.230
197.708
356.211
180.891
205.495
237.891
197.473
199.574
201.298
196.479
1.378
0.905
0.830
9.150
8.694
5.125
21.523
20.106
20.394
22.724
23.067
22.625
123.175
129.943
115.887
111.405
110.708
111.182
130.403
119.301
128.922
114.880
105.701
108.853
151.557
143.431
130.748
151.270
189.054
186.947
200.043
203.799
194.989
205.520
195.497
220.413
195.760
201.930
197.723
1.202
0.921
3.143
12.224
9.597
10.564
18.582
31.464
19.642
22.724
22.340
24.588
118.202
120.778
109.766
135.135
107.581
125.924
114.603
116.285
102.056
104.684
104.466
108.548
155.339
105.082
156.722
148.047
189.932
202.851
190.478
196.655
203.813
205.386
203.831
198.766
201.143
198.565
198.586
1.202
0.868
0.842
10.443
5.149
4.987
30.825
20.834
23.402
24.031
23.582
24.898
119.424
115.960
118.598
108.882
110.631
108.896
118.980
146.533
110.137
107.139
116.873
120.430
148.441
105.075
149.521
226.646
188.644
184.462
194.504
204.743
201.050
197.212
205.570
200.000
196.249
200.913
196.875
1.220
0.857
0.832
11.552
5.653
10.126
21.713
19.756
21.690
24.192
23.260
23.780
121.595
121.357
125.004
110.807
119.357
119.846
111.341
116.904
126.720
112.709
106.475
150.316
105.040
137.120
271.935
199.101
184.475
204.538
200.554
199.417
205.604
199.929
201.372
203.520
1.994
0.908
0.921
8.004
7.228
25.483
18.793
22.417
19.944
24.432
22.740
115.024
122.470
119.684
112.750
109.895
111.467
119.415
119.137
110.055
118.941
122.327
120.766
149.734
164.266
113.655
146.280
192.095
184.370
184.870
221.589
198.923
189.488
202.935
208.901
199.660
281.564
198.864
196.388
1.231
0.859
0.864
7.253
7.129
12.547
24.444
23.221
23.658
21.576
21.118
37.134
121.957
119.683
182.753
106.071
111.355
109.506
122.509
116.030
114.384
118.922
121.916
101.864
108.251
110.864
147.488
154.263
185.891
188.039
201.253
264.227
203.384
199.968
201.428
259.090
200.226
243.180
197.854
198.411
197.700
42.686
0.863
3.018
7.734
10.322
7.512
25.084
27.129
20.517
51.857
20.367
20.590
122.070
123.146
119.186
119.637
109.368
111.120
114.546
119.216
106.092
110.715
162.999
145.526
227.500
141.894
166.942
143.674
187.122
214.589
274.628
307.076
191.337
183.251
197.940
206.537
206.281
197.296
198.010
196.003
312.470
1.834
0.860
0.818
11.525
15.889
8.657
21.317
19.547
22.003
22.011
20.941
22.911
119.076
117.260
119.852
110.708
176.308
122.421
111.205
120.658
116.623
109.092
103.063
118.503
155.658
157.421
106.012
153.855
188.750
192.365
188.934
198.713
202.203
184.917
202.558
202.952
203.144
201.474
198.415
7.836
10.668
1.866
38.546
6.933
4.966
80.371
22.839
24.285
25.063
23.072
24.053
124.368
119.930
120.071
110.802
111.698
113.445
115.328
110.860
119.601
105.608
109.535
143.644
116.244
111.973
156.571
192.811
186.394
194.073
201.533
200.056
190.195
208.681
238.063
203.822
194.686
199.250
200.621
31.335
0.949
0.859
7.624
10.568
9.883
21.196
19.267
19.251
24.283
24.316
21.227
115.564
118.321
152.152
121.723
109.376
113.219
121.405
132.806
120.375
103.546
148.851
108.965
148.261
101.818
136.693
224.819
188.843
305.173
192.425
230.105
202.739
204.092
200.089
197.904
198.929
194.769
198.958
195.024
1.270
0.863
0.861
7.861
8.227
6.022
22.725
21.554
21.125
25.183
20.452
21.462
122.336
120.790
122.949
118.133
120.704
120.141
116.551
122.265
121.947
115.522
119.096
118.232
152.127
114.467
141.159
147.268
187.472
180.749
263.541
314.071
187.267
220.661
200.930
198.479
194.509
201.282
201.435
211.451
1.187
0.867
0.812
10.594
15.346
11.302
68.146
24.008
21.718
23.898
24.012
27.114
118.703
117.109
189.212
121.160
108.113
108.345
110.810
113.887
116.354
101.160
119.705
104.376
104.729
202.348
107.130
188.905
187.303
201.664
251.558
200.599
198.391
199.694
200.625
196.339
197.331
32.872
4.800
0.949
11.812
7.444
7.672
22.689
18.819
21.884
22.264
22.157
22.446
116.513
121.447
117.264
107.910
117.668
108.669
121.284
114.732
111.857
125.610
104.999
103.116
155.071
105.464
103.971
156.093
142.702
190.284
201.715
187.096
206.430
209.166
196.651
201.248
244.176
197.554
197.873
1.268
0.847
0.836
7.054
6.779
12.401
24.599
25.149
21.116
20.019
25.056
23.551
117.248
118.419
118.879
134.535
107.886
111.901
110.110
117.135
107.536
124.171
102.520
124.361
139.848
202.166
148.366
144.797
193.768
185.351
218.546
193.496
184.813
327.546
307.021
193.890
198.654
204.055
199.385
199.645
199.297
1.305
2.181
51.967
5.884
6.980
5.159
22.251
20.199
20.613
22.506
22.169
25.203
122.166
128.070
174.324
120.706
118.440
109.211
121.682
110.400
123.533
109.188
123.283
155.575
145.248
156.139
216.607
196.150
213.501
197.245
180.941
205.802
195.490
198.036
200.432
214.450
192.149
197.489
1.234
0.866
0.839
21.764
6.924
4.203
22.190
22.974
18.035
26.025
23.365
20.072
119.963
118.965
119.670
119.881
108.028
107.873
119.369
115.534
113.887
110.956
103.448
103.790
150.701
150.665
147.612
188.986
189.720
198.518
202.215
269.987
189.870
203.524
396.740
202.865
196.270
200.457
193.668
200.747
1.231
0.854
0.830
6.776
7.161
9.465
28.091
25.969
25.737
25.226
22.983
19.853
118.780
144.264
119.720
119.805
116.787
106.384
117.417
112.347
166.207
103.250
104.538
104.812
184.544
140.639
109.328
140.401
195.645
304.635
205.016
206.556
212.385
195.872
196.087
194.143
193.878
95.417
3.756
1.154
39.806
5.421
9.507
20.557
22.285
33.425
23.155
23.175
20.084
120.863
119.413
118.120
108.974
118.637
119.297
117.621
108.998
117.043
118.219
156.235
144.545
150.055
105.462
184.929
199.042
201.423
206.298
198.051
202.832
201.484
195.904
195.672
351.678
194.942
1.155
0.879
0.836
7.161
6.998
11.090
21.765
22.747
24.024
23.252
28.059
25.871
117.895
122.340
118.519
109.139
119.662
111.010
170.271
119.174
135.586
143.567
109.660
108.879
106.709
141.395
169.515
184.752
191.317
191.754
200.640
247.522
323.007
313.060
197.228
192.838
193.237
198.520
194.726
199.145
198.882
196.398
32.697
0.894
0.824
7.124
7.270
7.931
19.927
22.522
25.761
31.295
22.725
30.978
120.995
173.359
118.482
117.683
107.871
118.038
117.346
126.070
117.054
117.134
146.043
102.890
149.873
154.071
159.787
161.689
194.307
306.370
201.059
185.750
202.922
200.752
193.614
195.834
203.617
205.447
196.125
199.119
1.188
0.882
7.546
9.111
27.942
7.040
20.153
21.874
23.571
24.695
23.050
25.346
125.202
119.030
110.724
179.995
110.749
118.084
117.436
104.714
105.627
118.529
154.523
137.616
139.767
189.138
192.412
202.008
200.194
202.945
202.576
202.873
203.564
194.602
197.449
194.555
60.249
10.259
4.658
8.615
7.071
21.317
23.311
20.730
22.851
24.075
21.613
115.960
206.382
118.696
114.316
109.747
117.583
122.286
111.751
119.394
147.250
140.910
103.612
106.566
145.897
140.290
149.557
181.699
233.239
180.744
202.991
203.154
196.544
257.613
212.960
334.752
209.946
199.173
232.276
198.141
293.769
196.534
199.222
1.319
0.869
0.837
69.315
11.099
7.589
20.912
19.340
21.528
23.712
21.482
121.858
119.739
118.276
119.191
115.365
110.905
120.042
115.718
117.830
132.163
104.651
117.442
106.855
152.631
104.995
181.870
181.731
185.638
290.518
185.531
184.928
495.431
203.595
197.265
198.111
1.202
0.862
0.832
6.094
7.134
12.013
34.019
22.317
22.883
23.007
24.599
23.346
119.966
118.811
118.078
111.088
111.250
109.979
156.312
122.914
109.525
105.029
104.440
119.152
152.372
149.873
106.053
152.039
145.776
389.660
185.071
288.480
249.102
217.594
207.208
206.307
462.646
203.634
196.420
19.218
1.186
1.078
9.676
6.210
8.084
23.833
22.728
20.861
22.048
20.593
19.915
123.020
120.739
120.041
131.850
196.736
113.539
110.127
110.085
125.031
119.047
100.941
104.463
190.876
105.031
157.844
167.200
155.921
183.289
187.868
181.316
196.287
264.785
183.099
202.029
204.151
203.898
197.816
197.207
1.414
0.864
0.831
7.141
6.198
3.162
20.569
23.545
28.967
23.203
30.785
24.128
126.425
121.308
118.171
118.570
111.499
119.968
108.267
124.019
104.941
100.720
147.796
142.724
143.151
154.704
140.956
185.705
188.236
201.670
202.927
202.848
427.807
194.233
201.237
200.048
194.483
199.461
198.764
1.167
0.860
0.841
8.380
5.801
10.400
21.893
17.889
22.874
23.858
63.283
44.855
122.520
120.178
117.987
117.702
111.030
116.819
166.338
166.144
175.869
131.675
175.158
175.659
184.958
274.718
310.210
207.184
207.513
204.626
204.993
204.009
199.814
200.505
196.653
203.160
199.570
197.362
201.260
201.789
1.157
1.573
1.606
6.987
5.065
17.834
25.250
23.129
25.677
25.125
22.506
26.317
120.767
121.294
202.515
111.876
110.576
118.000
128.530
109.238
185.987
105.042
146.697
126.359
143.829
173.328
151.113
270.184
202.841
209.229
307.914
202.895
203.843
1.189
0.834
0.821
15.371
34.919
3.751
39.157
24.614
21.400
30.113
23.547
23.499
117.774
119.058
119.288
122.139
109.668
118.524
118.475
117.951
118.918
102.965
105.871
120.363
158.772
106.999
208.006
222.580
182.524
196.981
197.290
198.979
224.081
194.989
280.258
200.928
202.215
199.721
249.738
200.118
1.173
1.577
1.522
40.248
6.490
8.443
23.292
23.415
23.928
24.048
21.498
20.080
120.982
118.863
122.401
121.623
116.732
117.145
172.205
110.036
111.275
104.750
103.041
102.218
145.760
153.039
132.137
156.797
151.972
205.439
184.353
202.152
193.449
187.029
315.109
200.493
199.903
196.411
199.641
206.944
204.356
198.023
1.615
1.340
1.094
13.219
10.229
8.324
26.342
20.692
17.516
24.492
23.086
24.664
123.852
116.952
119.974
109.417
108.928
107.889
118.898
111.965
117.703
118.146
103.421
138.266
103.851
145.357
104.560
179.927
182.185
188.551
201.478
203.243
212.775
207.028
374.280
203.653
199.692
199.366
1.200
1.235
0.851
9.009
10.700
12.095
22.792
22.770
26.553
91.391
27.017
117.042
125.087
177.785
116.870
122.898
144.925
149.686
119.070
110.825
118.250
117.207
116.164
103.881
155.632
143.675
145.813
185.676
357.010
181.654
185.805
302.335
186.593
221.922
364.876
199.163
208.601
306.170
202.521
199.000
1.205
0.856
0.835
8.873
14.211
6.240
23.128
19.992
18.653
22.724
22.569
20.138
116.511
117.565
123.188
109.504
135.226
109.127
116.631
118.598
116.911
106.773
119.669
103.244
106.597
148.035
106.930
164.576
185.371
182.157
183.616
241.379
194.402
204.770
219.004
202.092
232.091
326.576
193.428
202.114
201.301
42.867
0.878
0.802
8.399
7.826
2.861
24.468
26.520
43.640
23.821
25.551
20.946
127.414
122.538
110.478
110.220
107.233
116.062
110.552
123.995
124.600
103.619
136.517
158.940
146.783
160.237
205.108
189.592
181.472
267.525
205.545
238.623
206.530
203.509
202.321
194.385
200.758
208.738
197.877
196.145
1.214
0.846
0.800
15.843
14.022
12.373
20.110
24.582
28.166
24.018
25.495
21.380
119.739
119.919
116.833
110.335
215.786
127.955
122.288
139.420
112.225
101.810
187.571
149.395
103.239
152.174
135.884
203.154
184.563
186.045
199.918
220.803
226.105
197.655
197.647
196.194
202.861
16.313
1.823
1.074
12.737
6.926
21.577
24.200
20.078
35.163
55.035
32.101
128.122
177.438
124.197
119.369
115.141
113.929
116.248
120.590
109.496
107.462
119.196
109.042
104.454
103.822
192.872
182.697
201.749
194.006
183.612
252.675
211.737
198.622
197.823
198.259
2.803
0.937
0.890
15.803
8.406
10.362
25.769
19.554
21.797
23.113
26.541
25.494
120.676
118.718
131.952
112.558
117.957
119.432
116.379
112.799
114.989
129.794
103.507
145.097
137.292
145.976
161.206
196.382
189.795
207.098
248.303
185.694
203.124
202.427
199.361
201.154
200.457
205.607
1.225
0.877
6.279
35.589
8.543
8.594
21.638
27.498
41.160
21.634
31.139
24.076
124.599
122.290
133.901
120.551
119.313
109.210
119.537
123.470
114.279
134.469
106.987
144.991
141.460
143.929
159.647
141.076
159.806
185.771
180.242
193.575
204.624
271.592
187.804
202.704
193.526
200.585
202.660
199.530
225.594
7.088
1.103
1.121
42.455
9.207
9.934
146.898
19.236
22.172
23.885
21.799
23.352
122.612
121.868
120.130
116.842
109.962
109.426
109.208
286.813
202.646
302.545
378.065
189.196
176.528
182.741
173.971
191.050
209.758
269.151
184.502
229.917
204.983
198.834
192.523
197.417
198.968
199.418
1.234
0.861
0.831
14.258
21.463
14.007
31.068
22.439
21.043
23.735
32.502
21.835
122.490
123.799
131.215
118.870
109.598
108.982
119.138
139.896
127.950
120.656
105.655
124.553
108.368
153.479
107.563
157.704
164.136
185.122
182.292
191.571
318.042
200.330
205.790
202.346
196.773
267.227
199.661
209.602
197.873
199.176
199.416
203.592
3.346
0.859
0.790
7.428
14.091
15.736
32.081
36.688
22.368
27.103
22.651
24.110
116.823
153.501
119.800
112.198
139.042
121.870
131.892
117.626
108.967
108.171
106.349
117.380
171.270
140.230
102.857
198.872
185.926
233.703
308.450
210.359
403.596
203.509
194.961
204.762
207.985
198.400
200.322
4.890
1.085
1.116
12.575
10.548
15.960
18.867
18.620
22.722
27.003
23.179
25.641
122.229
117.608
120.130
121.077
124.904
108.770
127.905
119.472
116.021
231.716
115.587
102.214
140.337
106.830
140.426
170.409
309.012
200.836
201.627
203.706
222.832
200.251
210.344
205.348
199.752
202.015
1.194
3.669
1.697
7.335
7.043
7.882
34.791
24.466
22.185
29.610
23.748
30.452
119.890
118.955
123.484
123.353
118.637
124.552
112.161
118.099
102.256
128.634
119.222
106.254
141.661
164.247
193.364
197.878
222.603
285.384
199.050
195.320
194.367
203.027
195.928
201.996
1.136
0.854
0.820
34.094
7.338
10.699
55.409
24.010
19.948
23.002
23.326
29.630
122.459
118.567
117.346
116.282
113.987
108.123
114.158
152.203
140.036
119.396
129.429
106.078
146.190
104.570
364.368
183.133
187.373
229.895
186.436
199.985
200.142
197.943
191.894
195.705
201.331
201.373
236.518
200.793
1.178
0.880
0.849
20.503
10.253
6.806
21.966
22.723
21.366
21.665
24.387
22.163
120.855
116.707
117.304
110.750
123.196
111.685
126.375
113.296
115.885
106.997
101.447
103.388
107.455
151.650
285.516
164.823
143.760
241.242
203.137
201.565
204.790
243.290
205.565
203.957
196.242
199.572
197.356
194.438
195.171
197.952
1.273
0.846
0.835
9.756
4.319
11.868
21.855
23.597
23.609
25.557
25.454
23.156
122.293
117.611
120.039
193.745
119.964
117.828
121.122
117.488
106.666
117.656
102.499
156.144
104.885
107.910
144.929
161.289
190.862
182.699
204.361
199.500
207.433
229.728
200.525
486.022
191.202
198.286
1.198
0.863
0.856
6.456
10.731
10.830
39.248
44.125
23.426
24.283
22.304
19.904
120.034
120.914
119.220
109.520
121.189
108.660
112.864
177.650
114.926
104.845
122.185
103.670
104.938
136.730
165.293
156.507
141.690
182.516
185.800
188.685
196.261
203.383
205.529
200.384
195.425
199.965
199.666
197.743
198.754
1.182
0.841
0.806
10.688
13.446
11.949
21.511
21.385
22.988
25.568
22.674
30.725
119.866
120.368
118.178
120.055
109.029
116.272
159.484
112.210
148.783
107.047
103.303
139.638
147.865
103.286
189.437
187.277
192.455
199.375
203.200
181.383
235.959
204.565
200.858
258.368
192.572
192.983
200.158
1.729
2.024
1.604
9.969
9.885
12.863
89.210
21.799
22.248
19.848
28.777
22.831
127.566
120.514
122.796
107.505
119.476
113.985
111.498
184.496
114.105
122.521
102.686
105.088
102.712
143.815
139.800
190.535
288.565
184.376
190.857
198.150
237.453
203.551
203.324
206.002
193.991
195.869
233.695
197.327
198.266
1.202
0.860
0.804
13.625
13.183
9.325
22.938
22.293
22.795
20.135
24.198
22.459
117.969
117.991
118.196
111.144
119.556
123.803
117.576
124.695
109.182
108.212
102.497
104.213
105.027
103.526
205.661
192.045
187.036
185.691
186.019
201.773
304.658
307.590
202.295
199.745
192.717
281.879
191.368
196.792
1.242
0.898
0.990
57.803
5.458
8.043
24.356
23.644
23.540
24.677
24.214
23.372
119.024
116.849
121.339
110.385
118.347
141.947
111.170
103.843
105.167
104.799
163.468
104.897
179.997
175.739
165.634
183.440
247.218
408.084
204.607
197.117
201.678
198.953
194.300
195.876
201.269
199.975
209.749
209.156
196.701
1.252
0.854
0.874
9.644
4.777
24.419
25.671
23.106
22.798
26.119
22.686
116.734
155.161
120.424
109.163
110.611
106.619
110.834
111.685
111.217
104.660
119.752
122.738
140.579
161.014
138.038
161.417
230.682
189.085
202.197
199.712
197.875
365.114
198.761
197.208
269.704
303.752
193.886
263.496
198.726
212.758
12.628
1.944
1.361
7.289
9.726
30.731
19.787
21.048
21.797
22.052
25.597
22.812
119.194
120.101
118.103
110.479
226.365
110.485
110.246
120.798
116.941
105.480
181.694
120.633
105.082
103.527
138.741
145.562
188.304
183.122
253.961
187.706
198.727
184.547
241.889
214.943
209.529
194.024
197.412
193.508
201.420
195.809
277.602
193.284
1.215
0.850
0.840
9.526
6.864
10.908
34.725
27.236
19.562
22.199
25.770
32.706
116.569
124.585
127.291
170.984
119.519
120.372
115.894
111.055
116.692
120.566
102.114
106.695
161.378
143.137
140.822
159.602
187.907
186.208
201.409
197.536
200.675
199.978
196.989
201.110
206.623
230.794
1.185
0.866
0.810
52.110
15.866
20.515
22.716
43.055
25.259
22.570
222.416
119.165
118.640
114.666
107.861
117.624
124.665
111.107
155.135
100.577
118.490
119.445
142.493
104.513
156.451
168.471
278.697
180.986
185.963
200.765
191.615
210.995
318.290
202.447
193.516
193.337
200.248
197.844
1.162
1.385
1.363
6.003
7.099
7.784
24.353
27.784
22.728
23.807
120.198
142.588
118.670
112.253
121.082
118.194
130.467
123.959
106.006
158.149
105.875
150.798
104.799
143.122
194.728
188.087
202.193
208.180
186.302
203.700
220.199
193.113
194.431
193.298
198.577
262.864
4.369
1.098
1.078
9.358
14.048
7.240
26.740
19.971
26.013
25.215
26.248
23.889
118.764
130.134
117.090
118.944
173.353
111.103
116.473
120.602
135.515
117.229
127.195
107.599
184.956
166.533
141.839
156.878
159.484
183.776
187.785
191.186
226.599
293.583
419.077
202.364
197.726
195.933
205.083
203.361
200.515
194.416
196.877
1.252
0.886
0.815
7.603
9.659
12.291
20.140
18.110
23.517
24.398
23.363
23.295
119.705
119.257
122.564
110.989
110.787
123.096
139.394
107.643
123.758
109.325
126.486
105.356
152.506
116.920
192.159
241.110
182.664
211.353
190.186
184.372
202.368
196.654
199.122
200.951
215.376
201.169
301.279
1.253
0.863
0.832
24.378
14.820
8.029
24.820
20.748
32.394
24.643
22.474
118.683
157.957
109.364
112.770
117.789
110.604
123.335
138.118
120.833
131.227
124.108
135.788
106.103
173.356
165.219
187.820
187.685
204.673
188.710
184.021
199.610
199.916
202.308
287.905
199.314
200.249
1.191
0.864
0.818
15.185
25.799
27.212
39.189
25.524
26.256
22.534
23.219
27.727
116.940
120.901
121.388
111.296
195.414
110.851
110.723
118.716
111.468
122.174
121.050
112.699
196.202
105.746
151.044
168.632
182.901
181.304
188.457
182.210
197.760
197.793
199.642
196.058
358.558
197.295
202.275
200.774
220.002
193.178
1.320
0.874
0.836
35.063
13.145
33.135
21.863
22.087
22.649
25.963
21.765
26.585
170.930
118.154
118.768
109.192
122.258
108.049
129.372
112.819
107.739
124.849
119.847
127.563
137.344
151.407
150.131
397.862
188.213
196.139
199.988
481.002
188.774
202.599
197.311
194.922
194.878
201.147
196.844
200.322
1.201
0.855
0.824
39.350
9.838
14.913
25.661
21.531
20.871
24.011
23.071
23.416
120.419
122.436
120.491
108.001
110.623
119.429
121.306
118.846
118.575
104.303
115.600
107.679
106.115
102.066
211.229
255.006
203.222
204.531
200.259
219.919
203.898
197.507
201.174
198.321
194.922
195.686
1.412
0.855
0.833
7.541
6.631
27.813
23.675
27.463
21.941
24.074
23.235
23.063
119.397
118.389
133.174
119.725
112.496
120.556
117.361
117.932
113.626
122.260
117.322
103.210
159.802
108.238
143.504
152.864
188.965
187.767
214.570
189.353
218.322
199.753
201.567
201.780
269.058
208.136
199.202
195.639
1.257
1.088
0.872
12.466
7.343
14.072
19.501
18.998
22.781
23.885
26.575
24.566
119.390
118.477
116.452
118.980
108.095
116.810
117.858
116.049
122.562
119.455
108.024
149.663
164.348
197.082
165.024
189.658
182.473
199.923
239.519
212.432
203.533
199.076
197.787
201.177
228.419
199.304
1.275
0.857
0.833
30.977
21.542
7.889
28.717
23.348
23.688
26.857
25.068
21.290
118.108
118.282
117.409
118.679
107.594
118.870
111.297
117.188
102.290
104.423
126.810
141.154
157.885
138.809
233.103
198.627
213.598
199.958
200.676
203.617
195.525
201.818
200.032
199.056
195.676
1.252
0.854
0.852
9.922
15.484
9.217
18.337
24.061
37.489
25.692
20.996
22.395
116.568
117.539
118.863
110.490
154.168
141.322
120.163
118.695
120.851
102.849
152.056
106.599
149.300
197.755
189.969
187.786
184.507
186.545
193.215
202.130
194.470
200.449
200.937
196.050
196.452
197.624
1.197
0.852
0.795
29.074
9.302
7.978
17.639
19.193
24.992
24.684
43.911
24.264
121.459
119.085
120.276
117.562
109.135
112.046
110.808
112.771
116.310
104.955
103.339
138.705
105.972
160.020
157.250
185.345
198.715
398.387
195.155
201.914
209.441
197.687
203.418
197.277
201.735
195.336
230.381
195.649
194.074
1.575
1.092
1.092
10.027
7.019
10.319
23.342
21.438
41.817
21.638
21.244
21.793
119.346
120.864
117.903
107.915
109.062
117.272
113.344
116.061
113.308
103.126
144.945
133.780
151.708
103.805
141.750
158.223
140.787
202.168
185.564
199.032
199.819
189.724
209.173
212.582
198.320
197.050
197.092
209.699
1.193
0.882
0.854
20.495
8.516
7.035
22.675
20.261
20.044
23.377
24.957
121.924
118.201
118.784
108.632
118.097
114.984
134.079
203.148
119.092
129.943
102.148
104.694
103.603
181.611
182.544
183.951
205.406
203.161
205.682
316.391
201.950
292.907
231.664
237.994
199.398
3.774
1.800
8.359
5.977
4.058
21.966
19.753
18.843
21.671
20.727
22.401
118.061
116.772
119.859
133.327
109.108
115.157
143.313
118.246
115.328
101.100
118.558
105.226
102.787
142.566
141.728
154.608
189.768
191.570
192.187
307.661
196.789
204.610
199.290
196.340
190.570
377.089
195.915
209.752
195.386
1.422
0.810
0.831
7.613
9.268
5.540
23.075
22.867
23.186
27.617
23.503
22.201
118.776
122.524
109.119
111.626
111.841
118.353
115.463
124.227
106.862
103.048
103.383
150.732
142.817
113.448
184.192
185.814
191.218
219.559
187.393
198.053
247.100
196.935
205.626
196.343
199.441
201.079
196.959
192.867
1.155
0.878
3.382
95.379
12.266
9.924
19.221
25.877
32.565
21.107
21.189
23.725
196.789
127.186
120.635
113.329
109.937
108.139
118.296
115.869
141.239
120.435
118.152
106.233
141.044
104.763
102.135
139.016
185.579
187.843
186.319
206.625
189.637
205.848
202.165
299.408
205.088
203.073
235.321
198.850
230.898
282.731
1.239
0.868
0.830
5.774
10.122
4.012
23.915
22.903
24.222
36.915
22.096
25.178
120.266
120.669
122.825
109.207
110.753
116.012
124.291
111.530
110.968
113.126
103.661
105.219
184.004
157.851
149.278
188.491
182.341
193.285
187.245
197.703
319.275
310.340
201.609
200.531
202.166
198.232
204.072
203.301
203.164
1.257
0.853
0.835
57.879
5.132
13.343
21.593
20.742
28.645
23.787
39.454
120.523
117.072
108.332
111.002
107.968
119.282
121.676
117.202
102.443
113.304
129.790
140.903
150.077
156.800
195.266
194.837
255.144
183.392
324.097
308.058
212.595
193.789
198.023
197.938
201.675
203.714
194.717
194.185
198.124
200.488
1.225
0.858
0.830
34.691
8.064
13.190
23.859
20.448
22.823
23.502
21.846
21.601
118.844
202.964
119.251
108.185
110.442
115.628
114.574
119.389
104.545
146.330
104.486
149.122
105.211
104.946
178.761
186.252
199.497
182.818
203.542
197.419
184.377
237.062
306.098
194.194
201.108
218.687
1.192
0.866
1.094
9.092
15.019
7.898
22.376
19.702
19.472
21.298
21.287
21.759
119.746
118.862
120.710
111.446
160.971
106.558
121.252
116.885
117.373
101.268
119.136
104.702
140.903
151.824
146.827
143.466
217.440
273.958
191.891
222.776
202.256
202.365
249.811
197.019
199.329
216.385
219.975
196.345
195.488
194.607
195.261
5.554
1.077
1.045
8.679
7.024
8.743
21.923
19.706
22.458
23.163
21.426
22.808
203.045
117.510
116.308
120.451
130.044
119.977
174.915
116.130
131.850
118.633
102.362
102.098
123.189
150.279
125.950
150.884
186.070
180.224
178.361
203.061
193.506
203.894
208.736
197.361
193.376
205.373
197.208
199.058
1.287
0.984
0.939
8.411
7.115
8.069
219.024
86.383
22.087
22.342
158.448
19.891
147.452
180.237
183.436
130.964
176.141
158.610
158.591
173.773
184.872
133.990
171.832
175.857
175.113
128.884
332.209
158.453
184.320
392.281
185.159
190.191
183.578
203.152
202.753
203.653
194.492
192.858
198.191
1.892
1.317
1.002
76.978
6.987
7.964
19.099
17.557
24.159
22.736
26.470
52.352
118.775
118.928
118.056
118.009
109.486
109.762
114.956
109.493
113.174
103.836
117.995
118.632
144.979
141.241
120.341
141.464
191.339
226.238
182.275
197.735
184.831
200.244
193.858
195.030
198.318
201.448
200.086
199.246
1.237
0.876
0.843
8.925
6.751
7.716
51.130
22.600
22.043
25.549
27.973
116.271
121.050
119.082
148.319
108.751
110.201
118.422
128.635
116.693
117.339
104.452
173.564
109.215
103.124
138.238
189.934
182.104
183.438
209.978
201.275
199.464
236.772
203.428
204.037
198.539
195.570
2.589
1.473
1.024
5.762
6.727
9.026
23.232
23.543
23.753
46.021
200.926
118.675
118.401
111.333
111.144
117.602
118.565
110.743
106.575
192.727
132.986
145.000
103.400
143.232
193.749
182.715
184.187
202.383
252.487
200.085
607.204
196.860
203.187
271.408
198.964
203.281
204.885
1.277
0.930
0.825
18.324
18.009
15.012
25.191
22.243
51.769
29.622
21.867
136.147
184.007
111.139
119.183
123.283
119.087
112.426
110.701
104.078
156.142
105.953
143.385
145.526
142.307
143.704
406.380
206.696
182.907
196.674
189.008
197.678
198.273
271.310
198.234
192.963
1.198
0.863
0.849
10.516
27.490
12.585
23.504
23.014
25.656
34.787
23.133
22.991
118.856
122.283
116.826
113.936
139.583
117.315
120.475
137.757
110.341
104.853
111.750
106.037
231.832
142.943
160.402
149.545
184.938
322.590
203.868
198.893
240.230
193.673
441.730
198.648
198.952
192.276
2.147
1.131
25.435
22.555
7.861
26.207
21.249
33.016
23.389
22.786
24.505
119.325
123.004
156.550
119.824
109.936
111.344
120.092
117.657
113.481
107.915
116.299
134.935
156.394
159.123
140.782
149.563
263.518
318.602
253.291
190.786
191.623
201.122
275.861
193.164
202.190
200.847
200.105
3.137
1.060
5.879
10.363
4.217
6.718
23.316
20.246
20.661
25.513
23.727
53.554
119.120
117.540
117.461
121.017
109.378
111.098
113.412
126.530
123.119
117.835
187.278
105.181
108.716
182.349
187.398
198.657
205.364
200.288
302.944
198.324
196.572
198.059
197.835
199.638
193.447
298.316
1.251
0.908
0.920
10.592
6.862
8.133
23.183
22.179
22.767
24.114
21.843
21.434
119.461
117.714
115.977
126.904
130.617
114.610
113.474
111.679
119.268
119.197
104.002
109.449
202.267
103.463
148.404
156.213
183.057
181.567
192.495
192.342
206.762
204.954
199.613
194.805
194.915
198.033
254.202
193.529
1.265
0.866
0.807
9.154
9.287
7.741
22.201
22.103
21.566
25.078
22.900
23.686
119.733
118.957
117.873
108.657
119.382
116.114
161.733
102.193
103.782
122.559
145.123
150.093
149.749
184.603
184.049
200.381
195.795
334.815
311.971
203.772
193.680
200.221
203.434
193.985
199.849
197.941
1.214
0.863
0.801
7.301
10.830
7.278
65.257
22.524
22.379
23.511
21.655
19.875
115.659
119.487
118.728
111.745
119.963
108.853
119.249
141.303
122.491
102.664
104.340
102.621
140.311
139.055
109.358
180.780
245.381
318.627
199.203
187.634
201.264
195.190
224.557
194.003
211.078
197.680
1.216
0.878
0.786
11.323
11.114
7.956
21.984
21.655
18.391
22.935
22.537
24.492
120.330
116.476
120.888
193.155
121.041
106.751
115.328
112.357
121.181
105.321
107.366
172.350
144.563
154.376
140.915
158.715
191.185
186.891
415.605
199.106
202.474
201.347
382.097
198.393
195.685
198.376
191.430
200.791
199.532
1.224
0.849
0.796
28.785
6.836
7.067
108.745
22.282
21.064
23.671
23.772
25.729
121.547
128.706
120.482
108.969
109.590
109.512
107.808
118.898
127.979
118.699
110.380
106.233
153.420
157.718
136.987
195.690
207.192
184.715
200.652
182.187
243.223
200.019
271.340
200.769
198.362
195.300
1.305
0.890
0.765
16.183
15.541
8.586
24.919
23.576
22.099
24.585
22.645
29.077
119.173
116.718
116.674
120.831
172.290
122.958
104.996
104.731
100.616
148.812
157.355
141.589
194.632
155.708
145.913
181.533
208.430
185.608
348.619
199.956
199.959
199.174
198.412
193.968
19.455
1.147
1.066
12.430
7.879
28.518
18.558
21.713
19.808
30.454
20.109
117.255
118.095
119.521
112.584
113.419
111.736
109.518
112.744
111.673
104.919
118.660
110.407
141.621
149.462
141.314
184.677
234.726
195.459
203.076
200.660
202.499
251.528
219.452
203.005
205.086
296.756
1.198
0.932
0.835
7.804
12.522
4.925
26.017
38.199
21.436
23.088
24.598
23.843
117.464
115.295
118.779
108.037
111.283
108.966
117.262
129.773
117.800
102.883
101.364
161.251
109.523
101.701
147.352
152.765
195.220
191.638
204.667
203.218
185.286
409.511
201.276
267.734
193.129
200.294
196.124
1.222
0.812
0.816
11.081
6.611
8.027
56.496
18.559
22.224
23.572
26.665
29.994
117.857
126.718
119.843
127.068
122.107
136.283
117.029
116.401
127.019
119.603
163.286
161.165
140.236
105.814
314.204
183.804
203.334
205.027
184.801
206.006
196.678
195.508
195.885
196.069
198.543
199.447
199.854
1.194
0.843
0.803
11.587
9.915
11.109
21.942
21.268
18.989
25.299
24.424
25.419
117.607
120.302
119.658
108.893
206.786
111.492
118.174
114.344
114.582
104.483
100.951
100.419
144.743
148.824
141.977
180.894
181.729
183.805
204.520
197.838
232.363
219.005
194.375
201.967
1.206
0.865
0.877
9.872
14.797
10.181
20.497
24.119
27.115
25.898
23.964
27.660
120.130
116.840
118.615
120.823
120.190
109.224
117.803
113.583
116.064
108.196
121.017
105.387
105.094
166.520
183.908
185.931
194.608
202.142
197.450
196.981
235.368
242.315
192.364
194.779
196.532
200.331
1.201
0.835
0.825
84.449
7.142
22.157
21.117
20.947
20.106
25.242
22.130
118.839
122.603
119.472
111.420
111.210
119.715
109.498
134.136
112.817
117.237
102.127
104.421
149.287
105.006
141.673
282.535
192.243
325.405
187.461
199.625
196.045
205.896
207.326
1.885
2.097
125.753
14.263
10.527
28.678
18.572
21.230
31.586
23.322
23.936
119.289
121.984
118.835
109.090
117.647
116.418
107.747
118.737
100.685
110.339
121.052
105.722
146.497
150.957
186.316
209.591
225.481
187.104
196.951
269.592
192.947
194.311
198.257
1.172
0.848
0.906
10.837
5.873
50.259
51.273
22.416
21.595
24.419
23.001
21.370
119.966
118.861
121.678
171.716
109.308
123.017
117.431
159.459
118.561
100.302
103.063
145.785
103.045
139.060
144.960
189.384
326.363
188.095
239.861
286.045
203.590
205.568
198.255
197.823
199.636
197.789
203.611
197.450
200.898
2.298
1.127
0.862
25.650
13.476
14.067
21.942
20.523
21.038
23.692
23.516
22.423
116.110
120.634
118.794
121.400
107.572
111.639
117.029
116.739
108.323
102.905
118.862
106.212
145.910
152.450
162.319
200.685
206.033
203.574
199.822
279.100
201.070
200.428
216.346
234.215
197.206
4.531
1.051
5.085
11.525
5.703
12.313
21.727
21.098
20.850
23.720
21.614
19.847
119.845
121.491
123.075
108.613
118.555
120.751
116.411
136.506
109.753
104.459
103.000
101.837
173.286
207.242
148.414
195.801
189.315
193.535
213.883
246.028
306.320
218.786
204.567
202.806
206.054
264.995
205.671
192.470
202.785
214.921
1.101
0.806
0.773
7.624
8.125
7.045
19.517
19.133
22.096
32.338
21.934
118.506
117.899
119.664
118.895
108.370
108.762
115.043
114.879
116.290
172.173
104.253
104.367
138.574
140.063
103.024
146.131
190.684
250.026
190.324
245.448
202.531
199.382
200.189
198.022
265.840
193.545
199.311
228.265
203.495
194.385
200.579
195.731
1.180
0.869
0.802
9.358
6.478
11.383
26.739
23.283
23.168
25.271
34.333
22.226
119.975
121.292
119.202
119.818
118.862
118.136
116.824
117.491
133.531
106.844
103.444
105.449
151.409
104.832
103.284
159.466
185.848
186.348
189.983
227.936
190.248
190.638
301.985
310.618
195.897
197.084
198.380
195.839
2.939
0.877
3.939
10.481
6.915
9.437
25.308
18.992
22.376
21.787
24.889
22.012
122.030
119.100
212.669
107.194
119.463
124.508
115.151
113.105
115.938
105.825
161.527
103.832
153.905
145.347
104.987
191.413
183.886
199.842
205.154
193.713
204.768
208.462
193.323
222.547
200.011
194.862
197.681
1.560
1.091
1.065
5.232
8.282
6.392
19.437
21.873
20.315
21.618
23.391
22.609
121.064
118.922
117.600
108.430
121.489
117.231
115.894
116.544
110.262
104.421
101.288
104.141
143.069
143.241
106.282
188.047
201.771
185.354
182.046
204.670
210.584
201.055
196.237
232.892
203.854
1.373
0.872
0.819
10.145
6.361
7.153
22.739
21.948
22.430
23.075
24.766
23.685
119.216
120.536
118.943
110.678
110.581
123.070
155.525
113.717
109.670
104.180
116.977
106.581
146.876
161.859
105.562
304.370
306.259
203.326
185.823
186.142
183.627
200.531
244.968
202.775
192.860
12.895
1.385
9.130
7.704
9.859
23.856
23.307
26.017
33.892
23.218
29.792
117.545
121.489
158.024
108.491
110.958
118.007
118.720
158.833
116.370
118.868
102.666
124.277
140.161
139.365
105.592
143.568
173.353
294.357
192.394
197.762
198.952
210.607
192.720
197.725
196.314
197.567
197.677
193.237
1.258
0.879
0.830
8.869
15.608
7.841
34.758
49.699
21.122
21.767
23.189
23.787
118.038
119.315
119.710
111.424
122.116
109.491
114.884
115.022
112.465
101.567
112.565
108.664
149.702
166.040
153.401
191.006
182.957
181.172
204.067
190.429
204.634
274.604
206.377
336.616
202.791
201.596
200.826
196.565
203.287
196.987
2.234
1.101
11.662
11.899
7.002
29.722
20.870
24.892
23.741
20.385
21.899
121.514
117.461
120.027
117.752
123.581
113.876
110.963
127.058
116.190
102.485
102.906
104.234
124.885
107.204
104.200
145.187
184.417
308.993
201.900
189.519
199.418
212.476
195.721
199.592
194.773
196.673
1.214
0.849
0.817
9.599
6.285
10.770
25.079
32.031
19.864
33.448
24.386
24.762
117.962
122.985
120.657
109.138
108.762
157.766
114.900
121.889
111.004
117.325
118.457
104.990
290.954
105.621
175.578
351.076
266.153
200.602
189.646
267.829
193.354
203.953
200.429
204.798
198.563
204.062
198.123
197.141
1.213
0.853
0.820
12.892
7.101
6.351
154.508
26.931
27.260
21.048
25.420
25.461
117.558
117.251
120.633
110.312
112.477
131.564
118.113
169.068
137.607
116.610
118.603
106.128
137.792
109.186
146.494
143.872
156.049
188.120
195.068
200.437
202.796
192.497
204.137
197.893
198.475
197.588
1.198
0.855
0.836
10.781
7.174
14.956
23.848
20.206
21.249
21.165
24.718
22.342
118.609
117.769
118.847
107.856
109.651
120.923
118.584
121.677
117.233
110.559
103.602
125.853
108.246
148.505
143.591
153.540
152.777
183.713
321.272
186.757
205.070
205.196
202.892
200.677
203.098
201.818
197.286
202.631
3.743
2.365
4.111
14.388
9.090
47.014
24.551
21.243
23.479
29.282
29.187
30.843
116.907
120.751
118.206
121.017
145.317
110.701
123.242
166.183
138.522
104.105
112.820
110.914
102.552
142.322
127.290
186.819
327.625
196.851
197.521
216.842
200.551
205.999
215.500
200.453
195.472
207.192
2.076
0.860
0.829
7.029
8.207
7.904
22.051
29.297
26.550
20.972
21.161
21.916
120.790
119.687
120.252
138.853
111.584
120.022
118.387
116.901
117.004
102.334
124.313
150.514
104.810
101.819
163.858
161.195
152.721
149.311
191.029
197.629
202.663
260.741
200.324
200.994
267.155
202.821
207.459
275.839
201.238
1.484
0.882
0.827
99.535
4.609
7.552
22.073
23.076
20.853
23.366
23.110
21.581
122.248
119.172
118.338
121.265
107.110
117.324
110.469
119.247
118.561
180.738
106.894
105.653
105.638
160.559
155.290
153.923
190.186
192.792
239.383
202.574
188.495
310.894
197.490
235.966
201.619
1.479
0.902
1.018
17.694
8.325
5.925
21.051
39.907
20.666
38.668
24.073
33.187
118.458
135.044
117.697
108.506
111.585
117.937
162.593
110.704
103.624
104.441
116.902
145.327
144.273
137.862
185.882
184.393
198.169
181.618
202.894
277.804
199.682
197.854
203.517
198.949
1.206
0.833
0.815
7.949
12.522
6.479
24.388
22.743
21.402
31.091
20.902
21.574
121.807
120.136
119.936
120.403
109.364
110.381
173.774
118.370
107.079
101.483
119.843
106.130
156.995
162.865
141.743
193.893
187.232
199.616
198.214
202.902
442.685
204.334
190.461
206.194
197.442
195.816
201.919
4.428
1.038
1.762
10.038
6.180
3.896
24.822
22.253
23.416
24.220
21.875
19.862
115.387
125.192
125.140
110.975
106.968
107.870
117.359
119.730
113.249
103.331
117.187
119.171
141.401
159.576
104.090
279.403
188.732
228.976
306.218
203.357
378.907
197.559
197.063
196.600
193.829
1.203
0.872
0.802
9.225
5.246
6.858
101.975
21.635
25.506
19.750
24.285
22.079
116.733
121.444
118.066
112.155
109.912
108.398
123.441
116.895
115.817
116.727
115.406
116.312
104.967
160.260
137.880
185.142
182.955
196.635
203.095
196.455
197.434
198.958
203.030
197.350
196.787
193.103
193.401
195.478
194.338
1.226
0.870
0.751
9.824
7.092
10.565
20.733
25.284
19.633
23.416
22.677
24.170
118.935
119.700
118.595
119.245
118.881
117.181
105.823
100.545
105.084
103.581
103.175
105.932
160.302
138.651
186.995
189.532
201.529
192.503
189.338
181.209
343.860
202.837
201.411
197.436
202.107
200.248
202.375
29.559
2.927
2.381
12.900
5.236
7.036
22.677
21.752
21.094
23.094
25.492
21.230
121.496
117.747
119.299
120.158
111.025
114.591
112.802
109.720
117.379
100.535
108.753
119.721
156.463
104.278
159.707
187.137
187.560
204.187
203.070
186.298
204.797
274.879
304.605
191.702
196.902
205.818
215.840
194.531
205.043
1.205
0.866
0.838
14.989
7.431
3.687
21.050
21.611
25.563
20.783
23.880
25.038
120.432
117.148
121.964
131.186
120.961
115.199
116.951
115.573
124.947
123.202
117.753
102.509
152.721
159.087
152.626
181.416
186.466
185.890
187.683
187.435
201.609
244.820
200.982
196.153
203.246
1.739
0.878
0.843
29.145
7.203
8.576
23.647
23.045
22.344
21.363
23.079
21.582
120.312
123.362
120.333
143.742
110.392
115.387
142.147
127.052
117.305
115.675
102.241
106.686
147.093
113.001
154.090
189.414
186.251
199.636
238.602
203.331
307.177
199.280
198.439
200.005
200.720
195.533
200.847
194.206
1.269
0.855
0.800
8.790
10.473
28.704
48.884
23.281
20.520
21.048
23.304
38.272
118.843
118.955
117.887
110.756
113.462
110.363
116.742
127.163
102.911
123.045
103.970
205.751
151.517
138.617
143.112
186.996
182.589
192.069
201.937
197.963
202.091
225.168
195.860
192.327
197.980
200.322
196.845
203.304
1.216
0.857
0.806
8.599
5.527
11.894
25.209
17.590
20.659
23.643
23.585
21.896
119.082
125.688
118.011
110.918
219.838
108.764
115.272
117.413
127.433
126.145
118.619
117.719
145.022
159.663
105.815
180.668
184.010
187.401
266.320
198.415
200.905
200.711
204.339
230.156
246.167
198.946
218.010
198.772
211.456
298.644
193.399
314.739
6.660
0.953
0.823
32.367
10.140
12.752
23.839
19.996
22.615
24.186
22.787
24.589
120.022
118.405
119.566
121.599
123.308
153.007
117.479
107.318
143.882
140.411
152.175
148.204
182.416
186.831
188.004
203.095
182.877
416.673
251.535
305.652
202.208
201.457
243.907
4.716
1.099
50.418
5.969
7.933
24.331
22.791
23.889
24.913
21.628
122.839
126.622
118.656
118.943
116.802
116.351
118.844
114.082
117.891
103.829
386.744
142.574
142.037
156.967
194.115
189.542
181.690
190.748
200.412
198.937
201.394
200.489
196.611
202.995
198.431
194.590
1.212
0.858
0.840
8.383
3.004
8.391
26.756
18.949
25.094
29.962
21.957
24.043
120.197
117.841
126.043
106.057
119.515
108.052
117.046
139.539
121.841
124.695
102.808
104.273
151.969
152.289
104.016
146.835
181.396
192.363
205.912
197.453
204.603
236.016
199.335
197.287
290.846
221.044
384.409
1.308
0.859
0.859
10.057
9.276
5.823
18.739
21.898
21.886
23.934
26.836
19.894
115.352
115.864
117.120
114.164
112.524
124.397
156.946
121.432
116.341
101.893
102.850
142.257
103.909
136.531
185.865
195.726
187.987
182.504
204.977
202.287
193.357
195.517
203.651
201.627
11.919
2.057
1.056
34.172
7.089
12.376
40.562
29.535
22.352
28.535
21.428
27.313
119.869
120.071
119.178
118.896
107.121
107.084
153.693
118.442
118.784
121.862
105.344
102.083
143.402
146.601
162.692
380.954
187.882
240.062
198.141
308.951
197.289
258.314
196.734
202.335
300.179
329.185
1.271
0.896
0.854
8.922
5.125
10.525
48.287
21.094
24.874
22.970
22.123
22.224
117.343
120.950
116.225
110.119
107.437
110.787
166.598
104.853
137.859
106.328
140.134
104.180
101.795
143.828
183.757
189.437
230.456
187.198
200.469
202.387
202.941
191.637
196.049
1.248
0.850
0.867
5.863
7.171
18.010
19.968
127.379
74.204
29.282
22.060
119.789
117.755
116.507
110.093
110.948
107.978
113.208
137.289
119.207
105.403
117.210
118.878
137.786
150.129
103.710
220.081
202.585
198.436
194.114
201.421
195.319
196.064
343.732
197.053
1.210
0.870
0.835
18.555
8.407
13.909
54.561
22.573
24.676
121.012
120.251
117.550
108.836
118.164
120.981
130.377
216.663
105.714
104.324
112.784
154.477
143.039
104.861
153.632
239.686
184.886
191.209
189.489
205.104
281.191
199.835
200.290
195.086
263.603
198.333
204.538
1.184
0.837
0.826
5.707
12.258
5.917
20.528
21.169
20.001
22.756
24.105
130.555
121.177
115.697
112.527
112.203
135.387
122.454
126.108
105.192
124.900
116.360
160.437
148.050
142.071
182.539
202.140
209.596
196.232
257.720
196.406
198.175
199.586
199.816
114.744
7.598
24.165
80.100
12.434
40.170
27.672
21.870
23.422
26.612
27.545
170.195
119.997
117.503
107.974
109.978
134.695
113.444
112.301
106.065
139.270
103.119
142.163
156.512
145.352
141.957
186.106
195.253
185.522
202.455
205.672
210.972
192.075
201.685
215.453
197.662
193.538
1.796
2.977
0.988
14.640
8.209
8.645
21.066
20.909
22.932
24.974
23.183
22.206
116.357
124.024
117.004
137.430
117.023
126.744
116.003
112.882
117.788
105.407
118.765
103.892
138.749
109.930
184.608
187.463
184.919
205.185
199.715
187.343
258.856
197.263
196.473
204.340
202.241
197.846
198.854
1.218
1.880
2.310
6.799
7.779
27.501
71.624
20.265
24.093
20.104
25.777
21.385
117.262
120.323
117.328
109.899
127.891
117.499
114.097
128.658
123.525
103.557
118.440
105.915
107.143
140.952
182.822
187.246
203.806
198.385
364.485
197.352
194.890
197.484
202.724
197.586
198.576
1.904
0.851
0.835
43.712
3.641
6.553
21.595
20.623
21.117
21.483
23.493
23.666
120.431
119.083
117.096
109.107
108.703
110.937
115.729
117.386
110.621
102.979
123.288
117.560
103.022
139.259
153.811
148.480
203.774
199.030
305.377
189.901
207.394
227.603
270.834
193.697
195.047
1.231
0.851
0.753
8.932
11.851
10.446
22.011
22.773
19.450
21.533
20.308
20.287
118.364
118.604
117.709
151.978
110.068
108.102
109.357
111.726
112.062
118.464
120.039
196.918
105.370
143.204
103.444
198.134
161.563
186.333
183.143
404.215
187.899
317.011
318.102
306.395
204.729
201.697
264.394
200.776
205.770
195.809
196.987
234.887
199.626
1.280
0.893
0.849
11.007
10.002
7.979
21.568
23.331
20.396
21.573
23.613
23.588
120.512
119.566
119.934
106.640
116.911
110.434
109.005
135.312
111.841
106.950
102.973
102.700
144.122
106.224
141.160
185.899
181.347
198.607
197.287
187.351
200.352
199.027
197.634
1.600
1.115
1.103
9.397
6.045
6.086
37.021
20.133
21.219
22.033
26.701
22.512
217.161
120.163
116.828
110.511
110.607
175.841
116.892
144.555
115.118
122.259
122.401
117.528
161.886
156.789
145.913
143.322
182.328
186.386
200.535
205.115
206.494
200.062
192.488
197.758
204.082
195.864
203.684
198.995
199.996
1.760
0.844
1.254
15.017
16.623
14.191
24.408
23.110
25.366
23.480
22.994
23.293
118.859
121.950
119.609
118.411
111.401
108.632
116.354
110.560
121.974
109.412
109.278
172.777
142.984
161.116
161.767
182.834
436.214
291.878
220.284
193.014
202.407
197.203
3.568
1.046
1.041
5.787
6.195
7.352
23.089
42.648
21.092
21.919
23.174
24.996
116.543
119.707
119.438
120.830
107.896
117.595
116.328
113.240
117.799
120.215
104.059
172.260
158.910
111.099
158.351
187.280
180.808
202.857
185.013
283.003
197.780
198.471
193.335
199.388
200.223
200.755
192.518
1.286
0.861
0.846
8.612
6.393
13.037
21.963
23.470
23.158
23.156
24.676
23.736
122.891
124.002
118.612
125.133
106.189
120.394
188.255
103.155
104.768
104.885
153.426
108.548
148.941
151.406
188.990
219.763
307.152
183.787
223.424
198.265
199.534
202.224
206.828
214.333
196.474
268.758
199.039
196.819
194.006
10.995
1.077
1.087
6.636
4.133
9.465
20.056
19.055
19.267
22.593
23.963
24.451
120.492
116.827
120.683
108.774
107.618
106.560
117.163
127.865
115.493
121.684
103.953
141.316
144.769
139.042
154.441
186.698
184.961
183.024
185.036
187.600
240.452
255.720
195.925
194.667
198.970
200.657
194.167
197.067
198.799
251.295
24.735
1.229
1.009
7.481
6.344
13.451
53.777
20.089
18.920
23.575
23.176
24.175
120.663
117.261
121.960
109.648
108.580
114.174
121.207
115.478
117.945
108.563
117.406
104.963
148.055
165.634
156.962
182.601
182.978
190.033
189.936
376.259
198.942
395.609
202.799
195.460
200.880
195.285
1.199
3.316
0.802
9.508
11.322
6.631
19.046
61.500
26.509
28.501
39.195
23.962
120.795
117.646
166.846
112.993
108.111
108.583
114.286
117.120
102.848
102.782
102.047
176.792
139.195
271.674
180.698
186.827
187.273
200.673
203.856
189.068
205.133
207.009
193.967
202.769
198.678
194.029
202.405
1.219
0.848
0.875
17.888
5.514
7.060
24.026
36.815
47.987
36.776
24.597
115.849
121.771
119.020
107.941
112.569
109.679
119.515
118.697
382.677
102.309
104.881
112.617
117.557
209.747
214.096
200.223
200.881
198.073
201.727
201.541
198.015
214.165
201.836
200.678
199.237
199.190
200.450
1.195
0.870
0.827
7.032
5.607
5.716
36.256
28.256
31.464
26.562
22.344
40.396
118.715
118.237
119.043
112.090
107.411
118.142
112.057
143.678
103.893
102.926
122.408
104.309
173.915
105.867
144.782
186.942
185.384
201.093
203.178
198.887
345.598
202.654
202.436
199.124
195.004
203.996
98.316
1.099
1.110
13.456
11.054
22.120
21.674
27.188
25.139
25.595
19.910
119.072
116.480
117.952
111.423
119.948
119.505
116.359
120.252
104.002
126.194
119.689
154.292
153.099
144.049
154.231
204.411
189.040
415.703
305.973
206.049
211.120
198.197
199.970
200.098
1.203
0.855
0.831
7.595
5.957
7.123
108.172
27.789
20.899
33.022
21.249
27.849
120.451
121.291
129.960
119.014
111.752
107.900
116.961
116.488
130.413
104.827
103.070
103.708
155.247
159.352
143.436
184.723
234.146
196.995
201.885
201.410
200.322
198.933
197.198
195.165
1.184
3.043
0.983
4.896
15.888
5.531
46.084
19.723
22.401
25.076
21.628
28.548
122.356
118.092
121.663
109.040
119.132
110.505
117.110
126.276
110.581
103.621
102.778
103.863
105.194
139.063
164.236
162.575
210.446
187.639
182.216
344.781
211.120
206.496
257.383
194.425
198.657
200.134
237.556
198.249
200.611
195.298
1.204
0.861
0.801
10.392
10.848
7.157
21.415
18.734
23.656
25.392
25.154
23.696
118.278
122.247
118.142
110.437
123.240
121.201
109.305
115.391
114.079
118.100
108.473
106.998
140.107
152.288
213.999
203.471
199.036
515.929
204.780
272.866
196.089
200.781
200.184
194.216
203.009
204.935
205.552
7.430
6.309
1.136
6.179
11.029
8.184
24.533
21.953
23.353
22.273
21.566
19.934
117.026
117.371
117.664
111.265
186.571
106.421
128.721
115.329
110.266
103.734
103.685
130.042
222.477
163.901
148.647
140.292
184.699
266.826
201.148
186.980
187.607
203.754
320.808
202.733
204.744
194.017
195.204
202.648
1.315
1.081
0.908
36.225
9.490
4.437
24.369
23.571
23.392
26.560
28.849
24.445
142.430
132.352
108.027
110.703
108.852
117.479
140.643
115.383
143.563
115.334
102.781
137.576
103.007
104.671
151.617
191.264
195.180
204.160
235.718
201.624
200.429
196.354
199.686
215.507
198.783
196.643
198.730
1.275
0.898
0.830
7.577
10.618
14.318
22.180
23.323
21.195
22.037
26.219
38.985
118.828
119.992
117.656
108.239
143.021
120.799
204.887
123.624
111.721
134.335
106.600
210.840
157.545
142.129
145.123
220.543
203.633
202.564
207.607
243.817
197.801
201.699
195.239
1.227
0.807
0.834
8.713
14.590
4.807
21.026
29.371
22.926
59.514
23.335
24.104
117.252
121.824
117.080
118.281
117.350
109.353
115.053
108.327
111.673
101.978
310.763
128.837
106.212
158.593
106.805
157.403
186.243
201.953
200.548
199.876
271.376
205.844
302.709
203.404
197.420
199.380
202.647
193.494
195.277
202.706
1.142
0.863
0.805
13.957
8.883
5.473
23.891
24.699
18.110
21.124
24.841
28.145
120.005
121.948
109.678
108.931
106.011
109.286
127.035
108.968
104.056
121.882
107.871
105.670
141.779
147.392
161.557
192.273
188.965
182.151
203.408
185.424
297.783
204.164
201.069
200.861
196.282
200.937
1.209
0.904
0.815
7.054
7.067
7.832
66.100
26.682
24.588
23.157
24.691
24.131
120.321
120.532
118.791
107.378
121.720
119.079
118.428
170.262
116.760
105.631
103.341
103.728
103.739
104.657
140.953
147.223
220.480
181.390
186.354
187.736
201.764
203.608
197.407
201.547
196.559
229.882
194.415
198.950
1.214
1.342
1.339
8.853
9.835
14.363
24.475
27.951
27.646
25.115
25.040
23.977
140.098
120.174
116.543
108.861
115.481
120.218
131.474
119.835
144.291
117.612
103.222
139.028
103.999
145.781
187.572
202.604
205.834
289.081
201.147
204.257
199.782
198.113
207.627
196.762
1.216
0.984
0.874
6.752
9.980
6.386
22.126
25.937
24.333
25.522
69.437
116.063
119.927
118.419
109.868
120.991
113.291
112.374
115.608
103.772
117.562
100.508
146.344
146.691
103.632
173.602
188.596
185.378
199.926
204.076
221.495
200.085
196.583
205.292
196.652
197.697
193.241
200.558
1.218
0.858
0.835
10.355
6.600
2.978
24.399
26.124
23.006
24.436
45.574
19.796
115.342
117.417
118.770
106.472
108.119
116.090
121.677
114.734
120.877
105.584
102.710
118.328
148.135
158.935
105.292
157.302
182.788
188.583
198.687
203.262
181.261
204.935
217.570
201.809
202.195
196.404
199.992
201.158
192.114
1.662
0.882
0.857
11.364
6.819
12.199
19.668
19.118
19.782
24.147
22.557
22.170
118.177
119.630
118.743
107.946
109.886
117.477
109.487
123.399
113.681
104.080
102.778
118.569
107.922
140.061
170.140
155.535
146.024
143.276
215.268
260.374
193.524
202.813
182.468
255.228
200.234
210.658
202.146
200.696
1.226
0.873
0.831
15.926
3.545
3.032
26.043
24.970
22.727
23.986
23.874
23.514
119.866
118.380
118.481
111.464
110.987
107.884
117.371
234.736
101.320
108.514
141.039
141.653
146.641
190.708
208.665
187.696
201.419
206.940
206.006
332.103
197.392
272.442
199.255
201.909
41.472
0.872
0.829
9.690
35.472
20.914
22.820
17.757
22.574
21.294
21.477
119.142
119.881
117.236
111.371
110.520
110.333
115.322
113.876
209.122
103.238
166.834
167.371
144.305
144.951
249.607
199.086
204.703
203.902
195.608
204.100
200.143
201.437
199.844
196.218
22.071
1.804
2.885
101.067
7.704
9.185
24.094
25.086
18.469
26.664
21.907
121.641
132.256
115.047
121.254
120.011
118.949
121.003
127.785
110.328
109.035
105.820
116.118
149.886
103.240
155.052
203.766
196.899
191.038
201.192
203.561
203.153
194.690
311.542
198.303
202.976
1.214
0.893
3.885
10.245
7.006
9.894
89.754
24.628
21.389
25.186
21.402
19.771
117.766
121.338
117.939
112.013
110.429
122.733
116.024
115.291
109.352
119.370
119.312
120.285
172.929
139.695
101.971
235.287
188.906
198.319
437.731
195.243
247.995
201.450
200.710
200.863
197.366
198.330
194.311
1.213
0.854
0.780
9.170
14.282
8.043
26.861
22.880
19.108
27.784
23.954
23.502
118.202
124.735
119.775
108.598
121.243
117.357
177.271
121.792
104.513
117.347
115.416
144.580
154.428
143.573
155.965
194.595
188.465
208.684
204.200
185.827
276.734
241.211
199.156
201.711
1.228
0.880
0.838
11.634
13.947
10.698
32.762
23.492
21.600
19.737
24.869
23.924
119.686
119.466
118.828
119.918
109.590
138.951
124.627
114.937
119.706
110.277
103.645
104.990
144.314
143.193
153.442
155.652
194.169
188.810
205.586
198.489
186.326
201.663
196.734
198.735
201.421
235.298
55.546
13.593
0.837
7.740
4.402
7.336
26.232
24.652
26.284
21.754
23.336
23.522
120.465
153.743
118.915
112.256
134.601
111.067
110.199
113.093
111.645
105.461
120.665
121.437
141.479
156.369
145.383
184.184
233.277
189.607
186.054
207.991
247.178
215.695
195.026
197.301
197.242
195.448
1.304
0.847
0.807
14.235
23.577
9.846
28.179
22.954
18.801
20.067
23.692
25.244
117.671
132.894
116.479
117.210
108.156
126.123
115.020
116.935
119.704
121.900
117.167
104.449
104.386
104.457
191.874
143.383
143.703
185.377
184.032
204.440
250.076
199.956
274.366
197.537
195.321
266.754
195.173
200.832
202.243
192.897
197.045
1.541
1.017
0.916
55.147
12.211
10.638
22.597
23.366
23.227
22.112
21.672
26.301
124.692
117.779
118.297
120.753
123.347
112.009
120.679
121.444
119.102
183.744
119.050
104.124
156.727
144.772
192.277
189.933
201.223
198.083
199.404
203.738
208.141
200.965
201.031
221.076
192.086
1.317
0.857
0.833
12.353
8.549
12.127
23.707
24.487
29.406
23.866
23.079
22.359
121.821
118.741
117.035
115.849
108.011
111.641
122.195
120.224
121.461
108.050
100.485
116.555
104.368
103.633
107.432
239.189
182.509
266.874
214.892
394.865
198.618
311.346
200.884
192.238
200.238
199.870
1.210
0.859
0.837
12.876
13.080
7.032
122.544
25.569
23.233
23.902
23.421
24.429
119.611
120.521
120.043
110.718
110.366
116.236
117.252
117.539
112.325
118.931
118.675
116.407
158.158
103.290
153.063
140.010
191.344
188.730
204.662
213.076
199.950
195.888
197.006
198.125
204.099
203.060
202.424
198.432
204.205
1.201
1.444
5.934
13.168
8.145
5.997
23.623
29.269
27.224
24.395
22.815
22.902
118.761
116.173
120.998
116.123
120.335
120.837
128.978
117.171
117.820
117.164
119.774
105.470
142.448
143.317
117.995
162.377
142.826
181.627
223.439
212.189
184.911
201.700
230.760
198.686
199.304
239.377
197.635
195.965
203.689
1.897
0.840
0.813
12.551
14.084
8.308
30.134
22.578
19.254
21.486
20.397
21.540
119.384
118.389
120.914
158.696
118.900
111.030
110.174
115.358
124.685
103.825
116.543
128.070
155.978
105.675
141.591
145.246
188.316
183.195
204.502
205.139
242.155
198.590
199.792
199.924
201.557
202.842
194.143
202.730
198.895
229.900
198.755
1.576
3.006
1.142
16.920
7.467
11.806
23.640
22.725
24.190
19.863
22.013
19.876
117.587
119.546
120.509
109.062
107.683
119.515
116.839
120.227
146.862
103.492
102.343
117.343
153.238
138.931
108.355
158.064
187.217
202.098
200.795
194.812
198.199
200.804
199.308
194.751
193.338
1.218
0.854
0.844
8.343
7.094
12.338
20.890
21.071
41.871
34.720
23.499
25.518
119.091
119.827
118.382
120.309
107.409
116.922
130.498
110.536
125.145
104.380
105.914
141.991
168.313
107.922
145.821
190.216
187.137
395.559
198.159
200.762
201.358
206.266
197.483
195.594
198.196
1.162
0.835
0.811
14.282
11.268
35.659
22.328
113.078
23.287
24.649
30.279
22.228
116.175
122.848
121.853
131.810
109.090
136.856
112.801
128.562
125.544
102.786
108.213
125.939
151.976
152.226
158.307
181.360
190.138
207.778
199.008
206.176
205.394
231.718
208.341
202.120
193.134
196.218
200.871
1.339
1.869
5.567
6.358
7.761
22.159
21.250
21.237
21.126
24.923
22.007
116.868
120.191
132.033
110.297
111.626
121.640
113.210
157.627
107.980
121.955
148.631
156.722
109.041
157.082
189.578
183.817
189.567
206.656
407.432
188.497
227.049
199.142
197.679
200.016
200.121
203.901
2.164
1.116
14.805
16.908
6.850
38.780
20.710
21.484
101.317
21.063
33.756
120.866
118.037
121.840
118.734
121.451
108.738
117.434
115.398
141.373
122.827
102.201
102.921
151.096
150.930
144.670
183.905
236.301
181.808
284.106
184.354
197.134
240.178
195.489
198.048
200.765
204.127
195.481
1.334
0.963
0.921
88.165
13.299
7.922
29.580
22.045
22.676
22.213
37.338
116.412
117.011
118.939
116.976
109.111
106.574
113.481
133.825
114.318
114.040
100.460
105.257
117.681
142.218
148.945
149.763
154.713
234.647
203.498
193.934
202.431
186.015
406.929
276.059
197.761
198.109
196.379
195.240
198.425
1.269
0.903
0.827
7.996
9.560
3.613
22.255
22.836
27.485
25.022
119.568
121.069
120.902
107.307
120.566
133.871
110.329
111.553
123.748
138.322
117.430
119.420
153.469
141.805
109.883
217.631
199.013
182.996
200.737
252.040
187.756
226.037
200.241
199.948
199.483
196.751
222.673
2.252
1.585
1.518
23.015
14.170
6.885
24.537
26.700
31.905
124.078
165.418
128.994
109.901
128.344
120.994
115.982
113.103
112.074
131.313
117.907
116.836
108.353
103.453
137.551
153.562
188.059
225.771
202.564
293.344
196.910
196.787
198.860
271.314
193.160
197.354
1.188
0.917
3.078
9.184
12.430
29.891
20.846
26.499
22.165
22.997
24.021
23.295
128.439
119.898
139.883
110.799
134.761
106.443
134.391
123.757
142.228
106.789
143.161
159.819
146.835
157.835
166.070
183.402
199.513
274.769
303.402
202.669
254.705
257.283
258.735
201.723
197.381
201.830
5.721
18.065
1.141
82.252
9.490
4.087
21.754
18.921
23.273
24.281
22.539
145.596
117.449
148.800
143.070
112.402
120.089
141.006
132.803
118.583
146.473
108.639
105.726
145.576
140.370
146.217
211.079
183.838
288.879
296.406
206.916
198.098
195.939
194.117
280.447
202.324
1.803
0.918
0.969
10.312
8.224
11.731
50.236
41.415
26.283
23.607
24.455
22.463
143.964
125.571
144.591
146.735
144.583
137.852
134.815
116.216
116.465
102.862
198.215
142.451
164.933
153.967
142.552
184.768
177.291
239.169
410.066
306.242
422.988
292.648
263.665
194.955
196.705
195.909
231.304
201.022
193.848
1.146
0.905
0.816
15.897
12.331
12.947
22.581
17.907
20.594
20.325
21.450
23.579
118.788
142.776
121.321
140.542
110.964
144.251
136.869
113.418
118.958
108.433
108.301
138.785
146.795
142.038
127.076
166.245
191.531
184.699
275.108
205.027
262.260
198.491
200.913
199.798
198.101
263.391
193.670
1.184
0.854
0.795
12.083
8.731
7.715
52.440
23.277
22.738
56.460
23.888
20.903
125.132
143.484
152.262
109.278
110.112
140.037
136.912
141.622
133.667
103.539
172.308
107.443
151.711
130.299
157.021
194.077
181.661
184.552
313.738
202.651
201.006
220.591
307.897
194.031
192.527
195.032
289.830
4.027
1.100
9.630
11.387
8.852
21.467
31.727
25.753
22.465
23.316
25.014
120.650
118.104
176.971
139.691
150.135
147.429
135.312
119.070
132.337
212.238
141.020
142.718
127.104
145.501
142.968
166.512
163.814
182.247
190.268
204.211
291.939
344.638
221.730
195.350
338.485
196.517
298.256
1.126
3.462
1.092
8.583
6.126
6.528
25.371
22.040
23.461
25.465
22.590
28.680
119.197
120.553
120.160
109.051
142.136
136.413
115.691
114.839
133.317
105.305
102.869
139.477
152.913
194.486
150.945
173.741
162.147
177.341
257.069
189.632
201.273
215.464
202.833
322.079
208.578
193.822
223.430
198.682
1.697
0.881
0.827
6.855
13.468
13.901
21.136
24.439
20.070
21.909
22.808
23.769
123.236
150.566
154.374
143.351
109.817
117.942
151.401
173.130
123.814
143.377
106.581
109.024
144.390
159.925
381.625
169.628
193.784
268.712
328.668
203.967
311.594
335.504
198.030
192.641
196.508
200.765
201.749
1.224
0.863
0.816
5.400
16.600
32.645
27.735
21.732
22.300
24.301
23.686
27.172
123.667
117.312
177.501
143.424
142.240
145.053
132.717
134.598
125.199
146.081
103.989
139.205
142.388
189.524
145.873
184.586
181.223
185.601
206.756
233.985
215.954
244.031
317.371
196.755
207.894
244.039
1.194
0.899
0.861
7.446
6.993
6.969
22.246
23.400
23.133
63.245
24.288
22.066
141.991
142.811
149.846
142.956
141.662
109.469
140.977
136.573
134.770
105.508
105.563
103.699
132.314
142.359
138.819
182.798
182.007
209.950
220.983
335.874
246.845
317.313
200.505
200.530
321.679
197.077
1.231
0.864
0.870
12.557
6.999
8.060
63.494
30.766
28.196
21.635
25.344
23.612
148.446
121.913
119.421
110.505
144.289
170.304
133.141
114.955
118.753
144.521
142.047
115.886
153.027
158.002
162.350
172.675
194.217
183.911
188.555
198.812
204.551
245.599
304.133
313.768
200.360
258.376
300.026
202.164
196.260
201.317
202.414
3.336
1.057
14.142
14.916
6.812
23.942
27.806
24.503
26.050
22.105
24.705
141.366
123.574
123.097
114.250
141.637
109.785
125.712
133.289
117.143
323.468
148.312
142.356
149.770
164.265
140.039
169.174
199.254
199.914
239.488
308.431
298.757
223.192
233.035
193.782
202.039
194.892
198.736
1.479
2.906
0.859
8.263
7.688
8.721
21.220
23.586
22.000
24.952
22.692
22.068
115.560
118.845
144.727
163.994
116.744
209.063
128.151
122.927
155.638
143.560
144.590
143.241
259.053
164.736
199.115
184.273
203.762
184.567
201.726
201.469
207.293
338.023
312.804
202.712
195.873
258.498
223.589
282.649
204.534
310.953
220.641
2.798
10.373
9.972
9.852
43.564
27.593
25.574
24.849
22.984
24.282
144.070
116.619
174.818
147.933
144.233
109.995
121.525
139.039
116.626
119.382
109.999
101.758
160.136
151.607
150.793
188.818
181.954
397.575
204.620
295.066
237.543
229.586
205.099
198.255
203.620
199.781
317.975
221.810
198.579
204.397
1.215
1.049
1.237
11.983
9.546
22.080
24.464
20.380
21.911
21.436
24.891
23.810
121.642
139.887
118.480
114.799
111.105
144.470
134.245
129.903
101.349
110.809
105.881
156.211
146.209
145.297
177.901
188.540
314.919
308.107
304.920
209.398
201.907
276.083
290.119
203.852
199.727
1.202
0.866
0.805
8.892
6.756
13.488
23.154
24.772
20.635
23.344
24.706
29.320
176.719
146.270
142.989
109.871
110.074
107.184
136.878
123.724
117.302
107.588
202.892
141.600
159.624
135.800
128.666
163.552
187.609
187.474
189.701
215.111
198.173
208.851
203.212
205.562
244.245
311.185
205.754
1.840
0.892
0.809
13.682
13.833
7.783
23.707
22.273
29.097
21.476
23.933
28.051
143.211
121.619
137.960
110.544
141.587
141.107
161.971
133.650
131.952
146.749
167.742
142.870
158.700
150.621
167.659
192.873
205.587
202.875
198.485
320.926
205.577
201.543
200.184
261.467
203.039
205.984
262.857
1.249
0.893
0.828
8.351
14.114
27.661
19.633
21.951
20.889
24.497
23.645
118.438
122.335
157.693
110.804
122.778
142.256
124.149
123.881
119.377
158.582
142.112
120.034
146.659
163.162
151.449
182.852
183.383
185.862
183.706
205.825
360.664
409.200
198.793
214.186
244.690
193.085
197.476
426.452
3.636
1.069
1.084
9.330
11.119
6.538
25.114
20.044
22.352
21.991
23.004
22.650
121.559
116.951
145.030
108.571
110.699
109.257
126.753
140.925
122.801
105.348
108.267
107.065
133.591
125.772
229.942
180.736
187.166
283.995
305.375
306.675
308.946
304.177
326.426
204.943
202.988
231.949
304.680
203.153
196.269
195.414
204.974
68.298
1.096
1.070
11.075
6.227
22.264
23.360
24.222
24.137
34.081
25.816
117.459
176.326
109.468
111.300
142.808
124.116
133.259
119.880
141.380
141.469
149.296
127.770
130.427
180.916
186.306
193.326
197.694
202.321
271.692
330.839
195.723
197.809
195.603
199.512
196.642
1.218
0.850
0.832
12.311
5.610
8.475
25.750
20.689
18.736
22.228
22.055
22.551
118.344
121.324
116.583
107.458
110.321
153.024
141.496
125.299
132.960
109.656
117.682
108.901
141.684
171.032
146.901
170.051
171.354
185.517
185.908
219.428
287.285
304.315
306.715
328.047
208.562
193.218
213.538
204.214
230.140
1.211
0.910
0.882
5.900
7.055
5.200
23.362
20.735
90.706
29.875
22.881
23.941
122.792
141.822
144.699
143.626
108.527
147.326
205.194
133.549
132.172
109.303
107.099
104.250
146.088
190.158
159.473
197.476
204.773
202.067
454.252
432.127
202.741
196.975
195.853
660.216
201.625
201.251
219.768
195.104
419.823
1.314
0.857
1.584
16.999
7.260
12.049
22.510
29.797
23.125
19.831
26.502
20.456
142.685
151.583
244.973
108.384
111.040
142.131
118.725
118.748
130.899
107.656
101.922
102.012
152.223
155.512
129.639
188.226
211.472
251.645
302.838
235.354
225.000
355.171
237.627
198.698
199.150
201.394
1.227
0.783
0.845
9.812
7.729
6.419
22.971
23.514
24.490
21.389
24.632
24.939
118.419
143.542
121.776
115.466
144.102
107.583
134.153
116.467
120.782
104.740
139.168
107.052
169.041
151.699
128.770
165.353
185.849
187.476
181.266
255.177
306.113
411.910
329.489
224.862
202.689
195.954
199.068
423.481
307.164
1.153
3.215
0.919
6.564
7.806
7.988
19.908
20.622
19.994
21.466
22.982
22.411
118.764
118.296
146.135
141.058
111.038
149.066
141.581
115.696
122.339
104.304
163.270
108.309
152.909
143.468
142.023
167.153
206.037
197.027
323.259
311.996
216.430
195.812
198.657
48.850
1.056
1.071
5.680
5.194
5.459
25.980
19.454
18.940
22.523
24.346
23.314
120.856
142.645
127.556
107.088
111.187
124.703
119.735
133.734
118.696
106.631
109.242
181.510
126.062
149.296
181.592
262.310
187.726
236.023
204.480
200.878
193.998
205.644
464.569
199.821
195.959
1.212
0.868
0.846
9.653
7.068
11.034
24.445
25.602
24.325
24.074
23.441
37.799
145.711
143.494
117.971
144.043
144.873
136.575
140.283
135.090
107.187
154.867
113.572
155.043
180.614
151.530
205.824
180.834
201.840
205.097
250.645
279.954
194.504
195.206
365.576
202.148
406.486
1.265
3.277
1.046
9.367
4.083
5.994
20.409
21.972
20.444
20.183
31.210
21.241
119.630
119.667
117.734
106.604
109.934
161.744
134.457
113.634
116.488
103.059
103.107
143.056
155.165
146.089
149.949
190.835
201.637
205.419
606.180
304.737
306.222
198.866
203.973
206.491
307.219
305.375
200.069
314.160
196.693
1.611
2.278
1.343
8.441
7.427
7.575
24.780
25.496
94.583
30.131
21.232
25.421
144.087
124.651
118.179
109.764
133.278
111.500
131.938
118.736
123.460
118.454
138.342
125.612
127.523
129.307
157.175
164.971
162.592
193.386
184.646
202.136
202.418
208.839
225.254
225.095
205.405
259.833
315.490
306.964
307.743
305.503
1.264
0.866
0.834
15.604
9.088
5.412
24.930
27.346
22.354
29.620
33.988
34.749
125.580
143.645
140.459
107.463
115.035
143.380
130.537
115.301
119.730
154.557
101.409
104.894
128.876
153.738
174.367
188.834
202.612
284.608
203.797
327.152
275.103
224.588
232.168
199.332
1.229
1.006
0.829
6.579
7.159
7.999
25.570
23.189
23.825
25.778
20.252
21.345
117.748
119.708
121.966
158.068
110.872
182.201
135.666
135.235
109.386
138.962
106.595
152.998
158.581
145.058
182.176
190.211
185.257
200.310
256.767
207.130
204.286
199.090
202.235
1.206
0.890
0.836
6.716
6.987
11.573
23.257
27.213
21.892
27.059
22.161
22.014
122.157
120.091
153.843
116.944
109.183
108.633
113.946
116.037
124.005
140.705
141.962
186.046
129.178
151.231
169.319
179.939
181.149
190.410
203.959
206.209
219.552
204.284
243.771
307.411
203.592
408.527
408.988
204.393
203.695
1.066
0.800
0.804
6.488
7.831
6.295
29.204
22.260
18.447
21.388
24.397
20.860
120.913
145.500
196.528
161.066
141.881
106.786
115.950
135.579
126.890
104.290
105.214
126.091
146.249
144.398
174.548
188.520
182.551
198.594
207.228
298.316
238.154
198.463
223.482
233.271
1.310
0.903
0.850
87.011
8.426
3.834
113.047
21.419
18.834
20.585
21.400
21.267
120.078
115.084
117.187
142.135
109.574
143.340
167.936
134.856
126.530
119.433
101.262
140.690
149.249
176.225
162.331
188.054
183.755
191.000
201.712
206.277
204.706
280.878
410.792
195.942
222.628
200.170
202.741
1.247
0.878
0.831
5.884
12.543
4.017
20.734
20.901
20.639
208.590
23.071
22.822
124.020
138.958
123.361
123.160
117.264
145.436
117.510
132.841
122.266
101.509
108.159
128.421
127.895
156.046
150.135
253.590
196.479
198.503
202.551
202.657
317.996
198.427
206.780
256.217
199.838
310.216
197.756
313.369
408.647
1.370
0.862
0.817
24.465
4.630
8.485
37.878
24.384
40.518
22.988
104.011
25.639
117.531
140.901
117.781
140.165
141.706
109.428
117.207
151.161
119.465
101.848
140.149
140.621
148.499
132.538
169.812
237.610
229.181
213.111
305.714
305.152
197.731
197.639
204.908
257.493
305.937
35.915
1.123
111.845
10.006
7.174
35.315
21.369
23.572
22.069
23.749
109.767
120.222
142.965
131.189
111.613
112.042
143.640
139.418
118.391
123.180
103.541
109.553
107.443
355.619
139.889
149.687
198.309
205.474
369.349
315.017
414.559
261.730
196.264
313.794
311.456
198.831
339.107
279.367
201.048
1.129
0.833
0.798
40.251
11.156
4.586
19.025
21.636
22.049
22.403
26.384
20.718
139.830
123.495
125.174
112.226
108.234
124.032
119.151
120.698
138.842
106.068
105.751
102.580
147.058
141.687
146.975
164.102
185.270
185.729
193.702
201.127
196.912
201.562
207.971
200.676
194.341
248.661
306.290
2.194
1.109
18.347
18.402
6.949
23.032
21.660
22.353
21.857
22.177
22.585
123.449
143.245
141.657
112.773
141.850
118.489
132.275
124.253
118.508
105.641
112.505
141.958
154.502
154.581
163.192
162.882
189.654
181.597
258.871
202.766
195.564
419.034
408.177
193.475
203.612
262.541
306.489
306.771
200.643
203.094
311.958
1.293
0.867
0.869
4.475
10.499
32.025
23.881
39.116
18.862
22.188
28.017
32.640
121.319
140.025
150.488
109.850
109.912
106.653
136.411
122.110
119.190
103.661
100.343
106.571
148.105
142.996
130.165
182.184
186.144
423.084
198.034
230.453
197.750
213.689
229.108
241.147
217.447
395.226
199.187
210.400
1.294
0.873
0.842
11.196
6.903
6.761
23.681
22.337
18.555
23.006
22.434
22.193
119.990
142.774
118.420
114.391
107.519
111.038
121.269
116.501
116.562
140.410
111.488
148.639
137.071
129.247
145.306
184.322
181.208
184.801
200.875
204.292
205.404
215.201
198.818
197.275
199.518
201.807
319.510
3.685
1.251
50.365
7.018
8.598
20.890
18.943
19.879
21.203
24.745
119.582
157.897
119.720
117.941
140.696
144.969
133.774
132.716
124.906
101.610
104.572
100.976
149.837
139.041
142.559
167.745
234.987
183.444
190.462
190.235
204.702
250.605
199.044
201.170
258.539
307.168
220.900
201.400
7.455
1.198
1.090
8.364
7.095
10.003
85.829
21.514
19.684
25.602
21.412
21.084
119.310
116.521
122.370
142.119
142.610
143.472
134.979
135.493
133.659
103.362
107.767
108.366
149.474
127.823
168.816
169.666
163.000
185.461
293.678
182.839
198.156
232.372
202.452
313.689
311.855
408.101
231.097
199.156
224.627
306.283
306.253
1.241
0.891
0.803
9.340
6.088
11.699
32.275
24.816
22.119
23.243
50.585
21.836
117.745
118.533
120.770
147.324
258.649
108.095
121.949
117.295
135.302
143.451
142.735
106.004
153.360
158.047
198.255
184.892
192.437
204.451
230.821
203.783
256.933
226.423
193.682
195.950
391.709
196.736
313.398
199.791
194.627
320.342
1.841
0.859
0.836
15.604
7.228
7.089
54.410
24.158
25.214
25.885
31.211
22.549
160.487
140.012
123.821
144.496
144.780
116.347
244.055
122.158
121.073
160.347
109.981
139.842
126.523
194.722
163.704
180.525
401.764
306.069
202.682
307.456
284.365
202.881
194.124
24.138
1.091
1.038
18.837
8.143
19.600
21.544
24.915
21.131
23.272
21.402
117.328
143.337
142.106
116.340
114.029
106.752
131.765
168.329
116.495
153.391
106.028
142.477
144.704
157.902
148.207
173.971
187.671
204.836
214.573
311.829
281.886
232.018
193.500
196.174
220.677
236.738
196.449
219.443
201.429
195.791
1.196
0.863
0.810
148.221
7.076
5.901
22.766
23.713
26.730
28.856
69.072
34.817
143.452
122.210
156.803
108.879
145.398
112.600
121.775
116.253
105.478
103.550
150.399
126.250
128.913
127.877
175.428
184.212
183.007
248.256
210.415
299.781
327.035
220.820
197.293
192.414
199.100
195.907
1.247
0.834
0.829
12.359
15.588
8.926
21.904
20.891
21.988
21.009
19.524
19.806
142.870
197.578
149.106
110.257
107.931
106.122
117.428
137.520
115.927
142.064
101.694
141.926
156.232
126.096
140.702
164.637
232.252
185.172
230.732
202.633
307.432
263.144
201.975
199.469
202.599
196.362
203.391
201.288
1.475
0.863
0.852
11.044
18.642
5.336
63.488
19.935
21.789
22.060
29.867
21.362
116.247
117.683
121.165
114.129
145.837
143.193
135.518
131.841
133.811
112.276
104.544
145.943
146.032
141.785
190.630
334.703
184.401
186.325
208.290
196.532
201.250
248.849
306.284
199.005
201.310
223.374
192.643
200.370
199.815
218.513
199.170
1.249
1.566
12.692
4.385
7.081
82.954
36.886
23.605
22.804
24.711
22.261
140.639
145.590
121.440
111.509
109.021
108.415
119.002
138.573
114.483
101.507
143.355
108.609
126.455
127.694
159.862
286.007
188.427
194.810
229.580
395.241
310.880
301.356
233.964
194.592
202.606
318.866
195.639
315.255
197.571
201.126
321.541
1.251
0.869
0.804
6.520
7.569
6.861
23.897
19.053
20.261
24.894
27.067
40.927
117.581
141.377
119.308
107.820
142.143
145.190
126.709
124.095
127.465
105.849
102.159
139.618
129.796
153.624
126.303
192.388
207.869
208.028
240.951
214.029
301.070
230.103
205.172
224.165
202.153
201.252
195.938
204.898
1.226
0.849
0.842
81.408
10.370
4.436
26.347
21.724
23.120
23.256
23.942
25.998
261.555
143.564
121.461
111.928
108.635
109.434
133.115
116.169
140.356
150.714
110.602
104.630
150.491
151.983
141.991
185.228
172.018
186.730
183.931
196.601
202.224
201.887
202.448
285.466
348.239
200.040
309.958
195.617
200.056
223.697
299.290
193.989
1.210
0.840
0.831
10.086
8.092
8.094
22.612
20.564
21.869
21.425
20.892
25.219
119.070
120.087
119.456
110.438
215.038
107.922
138.172
134.107
118.826
107.277
150.057
181.871
181.430
152.764
186.625
183.062
201.800
201.309
312.854
201.784
201.356
200.244
3.991
2.916
3.240
6.391
6.901
8.914
33.461
22.864
21.376
22.342
41.159
20.803
147.520
126.665
142.528
221.654
111.532
157.704
127.517
134.453
133.667
102.704
170.334
107.670
129.140
125.347
154.466
187.403
198.498
238.537
202.818
318.163
200.751
203.680
381.750
196.118
1.172
0.863
0.857
12.417
6.195
8.961
22.737
27.192
21.110
79.818
20.672
22.348
141.603
142.743
142.140
111.993
142.361
141.378
134.111
155.700
118.677
116.619
140.570
138.915
150.168
154.646
150.191
177.875
192.877
188.888
190.191
218.998
399.571
196.350
314.737
306.202
306.190
200.944
204.491
218.270
334.122
307.271
203.400
197.953
195.023
1.232
0.850
0.813
8.441
5.636
6.569
23.098
24.499
40.634
25.348
142.668
119.759
126.252
109.638
109.746
112.454
134.175
122.584
136.784
124.473
143.481
144.643
150.156
147.878
187.775
202.865
201.132
255.115
327.375
194.015
205.166
196.826
2.318
0.855
31.719
10.354
5.339
19.680
21.524
28.227
22.454
24.924
20.031
142.865
142.786
125.779
143.894
110.600
111.928
121.321
132.631
124.350
111.790
188.150
102.542
147.439
159.331
204.944
164.479
204.306
242.268
303.245
227.517
205.637
200.376
197.986
199.806
197.587
201.162
389.059
1.322
0.908
0.840
37.247
15.487
5.536
21.832
19.568
22.049
22.022
36.749
26.861
115.306
119.384
119.652
111.653
111.586
139.602
133.782
120.502
118.701
111.896
138.828
104.375
131.268
149.632
141.334
175.380
163.947
183.624
180.219
183.368
290.748
306.026
307.054
314.715
306.178
224.967
199.254
196.920
199.248
242.082
1.202
0.858
0.818
21.849
5.111
7.585
97.026
20.028
19.803
21.204
21.690
19.931
120.261
144.985
144.167
110.481
111.841
141.766
137.424
120.869
135.236
141.535
145.079
108.693
149.895
149.676
129.753
166.876
189.363
200.860
382.628
306.928
194.162
286.092
202.442
203.927
