0.751
0.753
0.765
0.773
0.780
0.783
0.786
0.790
0.794
0.795
0.795
0.796
0.798
0.800
0.800
0.800
0.801
0.801
0.802
0.802
0.802
0.802
0.803
0.803
0.803
0.804
0.804
0.804
0.804
0.804
0.805
0.805
0.806
0.806
0.806
0.807
0.807
0.807
0.807
0.809
0.810
0.810
0.810
0.810
0.811
0.812
0.812
0.812
0.813
0.813
0.813
0.813
0.815
0.815
0.815
0.816
0.816
0.816
0.817
0.817
0.818
0.818
0.818
0.819
0.819
0.820
0.820
0.821
0.822
0.823
0.824
0.824
0.825
0.825
0.826
0.827
0.827
0.827
0.827
0.827
0.828
0.828
0.829
0.829
0.829
0.829
0.829
0.830
0.830
0.830
0.830
0.830
0.830
0.831
0.831
0.831
0.831
0.831
0.831
0.831
0.832
0.832
0.832
0.832
0.833
0.833
0.833
0.833
0.833
0.834
0.834
0.834
0.834
0.835
0.835
0.835
0.835
0.835
0.835
0.835
0.835
0.835
0.836
0.836
0.836
0.836
0.836
0.836
0.837
0.837
0.837
0.837
0.838
0.838
0.839
0.839
0.840
0.840
0.840
0.840
0.840
0.840
0.841
0.841
0.842
0.842
0.842
0.843
0.843
0.843
0.844
0.844
0.845
0.845
0.846
0.846
0.846
0.846
0.846
0.847
0.847
0.848
0.848
0.849
0.849
0.849
0.849
0.849
0.849
0.850
0.850
0.850
0.850
0.850
0.850
0.851
0.851
0.851
0.851
0.852
0.852
0.852
0.852
0.853
0.853
0.853
0.854
0.854
0.854
0.854
0.854
0.854
0.854
0.854
0.854
0.855
0.855
0.855
0.855
0.855
0.855
0.856
0.856
0.856
0.857
0.857
0.857
0.857
0.857
0.857
0.857
0.858
0.858
0.858
0.858
0.859
0.859
0.859
0.859
0.859
0.859
0.859
0.859
0.860
0.860
0.860
0.860
0.860
0.861
0.861
0.861
0.861
0.861
0.861
0.862
0.862
0.862
0.862
0.863
0.863
0.863
0.863
0.863
0.863
0.863
0.863
0.863
0.863
0.863
0.863
0.863
0.864
0.864
0.864
0.864
0.865
0.866
0.866
0.866
0.866
0.866
0.866
0.866
0.867
0.867
0.867
0.868
0.868
0.868
0.869
0.869
0.869
0.869
0.869
0.869
0.869
0.870
0.870
0.870
0.870
0.871
0.872
0.872
0.872
0.872
0.873
0.873
0.874
0.874
0.874
0.875
0.876
0.876
0.876
0.877
0.877
0.877
0.877
0.878
0.878
0.878
0.878
0.878
0.879
0.879
0.879
0.879
0.880
0.880
0.880
0.881
0.882
0.882
0.882
0.882
0.882
0.883
0.884
0.886
0.886
0.887
0.890
0.890
0.890
0.890
0.891
0.891
0.891
0.892
0.893
0.893
0.893
0.894
0.896
0.896
0.898
0.898
0.899
0.902
0.903
0.903
0.904
0.905
0.905
0.906
0.908
0.908
0.908
0.908
0.909
0.910
0.916
0.917
0.918
0.919
0.920
0.921
0.921
0.921
0.930
0.932
0.937
0.939
0.943
0.949
0.949
0.953
0.963
0.969
0.983
0.984
0.984
0.988
0.989
0.990
0.997
1.002
1.006
1.006
1.009
1.015
1.017
1.018
1.020
1.024
1.032
1.032
1.038
1.038
1.041
1.045
1.046
1.046
1.049
1.049
1.051
1.056
1.056
1.057
1.060
1.065
1.066
1.066
1.068
1.069
1.070
1.071
1.074
1.077
1.077
1.078
1.078
1.079
1.081
1.081
1.084
1.085
1.087
1.088
1.090
1.091
1.091
1.092
1.092
1.092
1.094
1.094
1.096
1.096
1.098
1.098
1.099
1.099
1.100
1.101
1.101
1.103
1.103
1.109
1.110
1.115
1.116
1.116
1.121
1.121
1.123
1.126
1.127
1.127
1.129
1.131
1.131
1.132
1.136
1.136
1.138
1.141
1.142
1.142
1.146
1.147
1.148
1.152
1.153
1.154
1.155
1.155
1.157
1.162
1.162
1.167
1.169
1.171
1.172
1.172
1.173
1.178
1.178
1.180
1.180
1.182
1.184
1.184
1.184
1.185
1.186
1.187
1.188
1.188
1.189
1.189
1.191
1.192
1.193
1.194
1.194
1.194
1.195
1.195
1.196
1.197
1.198
1.198
1.198
1.198
1.198
1.199
1.200
1.201
1.201
1.201
1.202
1.202
1.202
1.202
1.202
1.202
1.202
1.203
1.203
1.204
1.205
1.205
1.206
1.206
1.206
1.209
1.210
1.210
1.210
1.211
1.212
1.212
1.213
1.213
1.214
1.214
1.214
1.214
1.214
1.215
1.215
1.215
1.215
1.216
1.216
1.216
1.216
1.218
1.218
1.218
1.218
1.219
1.220
1.222
1.224
1.224
1.224
1.225
1.225
1.226
1.226
1.226
1.227
1.227
1.228
1.228
1.229
1.229
1.231
1.231
1.231
1.231
1.232
1.233
1.234
1.234
1.235
1.237
1.237
1.237
1.239
1.239
1.241
1.242
1.243
1.247
1.247
1.248
1.249
1.249
1.250
1.251
1.251
1.251
1.252
1.252
1.252
1.253
1.253
1.254
1.254
1.257
1.257
1.258
1.258
1.259
1.264
1.265
1.265
1.268
1.269
1.269
1.269
1.270
1.271
1.273
1.275
1.275
1.277
1.280
1.286
1.287
1.293
1.294
1.294
1.303
1.304
1.305
1.305
1.308
1.310
1.314
1.315
1.317
1.317
1.319
1.320
1.322
1.334
1.339
1.339
1.340
1.342
1.343
1.343
1.347
1.361
1.363
1.370
1.373
1.378
1.385
1.385
1.412
1.414
1.418
1.422
1.444
1.473
1.475
1.475
1.476
1.479
1.479
1.484
1.518
1.522
1.533
1.541
1.560
1.565
1.566
1.573
1.575
1.576
1.577
1.584
1.585
1.600
1.604
1.606
1.608
1.611
1.614
1.615
1.662
1.697
1.697
1.729
1.739
1.760
1.762
1.796
1.800
1.803
1.804
1.823
1.824
1.834
1.840
1.841
1.857
1.866
1.869
1.880
1.885
1.892
1.897
1.904
1.929
1.944
1.994
2.023
2.024
2.045
2.057
2.076
2.097
2.147
2.164
2.181
2.194
2.234
2.252
2.278
2.298
2.310
2.318
2.365
2.381
2.589
2.625
2.798
2.803
2.834
2.839
2.861
2.885
2.906
2.916
2.927
2.939
2.977
2.978
3.004
3.006
3.018
3.032
3.043
3.078
3.137
3.143
3.162
3.177
3.215
3.240
3.277
3.286
3.316
3.336
3.346
3.382
3.462
3.545
3.568
3.613
3.613
3.636
3.639
3.641
3.669
3.685
3.687
3.743
3.751
3.756
3.774
3.834
3.885
3.896
3.939
3.991
4.012
4.017
4.027
4.058
4.082
4.083
4.087
4.111
4.133
4.203
4.217
4.319
4.322
4.369
4.385
4.402
4.428
4.436
4.437
4.475
4.514
4.531
4.586
4.609
4.630
4.656
4.658
4.697
4.716
4.777
4.792
4.800
4.807
4.814
4.890
4.896
4.925
4.966
4.976
4.987
5.065
5.085
5.111
5.125
5.125
5.132
5.149
5.159
5.194
5.200
5.232
5.236
5.246
5.307
5.336
5.339
5.354
5.400
5.412
5.421
5.448
5.457
5.458
5.459
5.473
5.514
5.527
5.531
5.536
5.540
5.554
5.567
5.607
5.610
5.636
5.653
5.680
5.703
5.707
5.716
5.721
5.759
5.762
5.766
5.774
5.785
5.787
5.801
5.823
5.827
5.863
5.873
5.879
5.884
5.884
5.900
5.901
5.917
5.925
5.934
5.957
5.969
5.977
5.994
5.997
6.003
6.022
6.045
6.086
6.088
6.094
6.126
6.134
6.179
6.180
6.195
6.195
6.198
6.210
6.213
6.227
6.240
6.279
6.285
6.295
6.309
6.344
6.351
6.358
6.361
6.386
6.391
6.392
6.393
6.417
6.419
6.420
6.456
6.478
6.479
6.488
6.490
6.520
6.528
6.538
6.553
6.564
6.569
6.579
6.581
6.600
6.611
6.631
6.631
6.636
6.660
6.666
6.695
6.716
6.718
6.727
6.751
6.752
6.756
6.761
6.776
6.779
6.799
6.806
6.812
6.819
6.833
6.835
6.836
6.850
6.850
6.855
6.858
6.861
6.862
6.864
6.882
6.885
6.901
6.903
6.910
6.915
6.924
6.926
6.929
6.933
6.949
6.969
6.980
6.987
6.987
6.987
6.993
6.998
6.999
7.002
7.006
7.018
7.019
7.019
7.024
7.029
7.031
7.031
7.032
7.032
7.035
7.036
7.040
7.043
7.045
7.047
7.054
7.054
7.055
7.060
7.067
7.067
7.068
7.071
7.076
7.081
7.088
7.089
7.089
7.092
7.094
7.095
7.097
7.099
7.101
7.115
7.123
7.124
7.129
7.134
7.141
7.141
7.142
7.153
7.157
7.159
7.161
7.161
7.171
7.174
7.174
7.185
7.190
7.203
7.228
7.228
7.240
7.253
7.260
7.270
7.278
7.286
7.287
7.289
7.301
7.335
7.336
7.338
7.343
7.352
7.427
7.428
7.430
7.431
7.441
7.444
7.446
7.455
7.467
7.481
7.489
7.512
7.530
7.541
7.546
7.552
7.569
7.575
7.577
7.585
7.589
7.595
7.598
7.603
7.606
7.606
7.613
7.624
7.624
7.672
7.674
7.688
7.704
7.704
7.715
7.716
7.729
7.734
7.740
7.741
7.761
7.779
7.783
7.784
7.804
7.806
7.826
7.831
7.832
7.836
7.841
7.861
7.861
7.871
7.879
7.882
7.887
7.889
7.898
7.898
7.904
7.914
7.914
7.922
7.931
7.933
7.949
7.951
7.956
7.964
7.978
7.979
7.988
7.989
7.996
7.999
8.004
8.027
8.029
8.043
8.043
8.048
8.060
8.064
8.069
8.084
8.090
8.092
8.094
8.125
8.133
8.143
8.145
8.166
8.184
8.207
8.209
8.222
8.224
8.227
8.263
8.282
8.308
8.324
8.325
8.343
8.351
8.359
8.364
8.380
8.383
8.391
8.397
8.399
8.406
8.407
8.408
8.411
8.421
8.426
8.441
8.441
8.443
8.446
8.475
8.485
8.507
8.516
8.543
8.549
8.551
8.576
8.583
8.586
8.594
8.598
8.599
8.612
8.615
8.641
8.645
8.646
8.657
8.664
8.665
8.679
8.694
8.713
8.721
8.731
8.743
8.759
8.790
8.828
8.852
8.853
8.869
8.873
8.883
8.892
8.914
8.915
8.922
8.925
8.926
8.932
8.961
8.985
9.009
9.026
9.047
9.088
9.090
9.092
9.111
9.130
9.150
9.154
9.170
9.184
9.185
9.207
9.215
9.217
9.225
9.259
9.264
9.268
9.276
9.287
9.291
9.302
9.313
9.325
9.330
9.340
9.351
9.358
9.358
9.367
9.370
9.397
9.437
9.447
9.465
9.465
9.490
9.490
9.507
9.508
9.526
9.546
9.547
9.560
9.597
9.599
9.623
9.630
9.644
9.653
9.659
9.676
9.689
9.690
9.692
9.726
9.756
9.772
9.812
9.824
9.835
9.838
9.846
9.852
9.859
9.872
9.883
9.885
9.894
9.915
9.922
9.924
9.934
9.969
9.972
9.980
10.002
10.003
10.006
10.023
10.027
10.038
10.057
10.078
10.086
10.122
10.126
10.134
10.140
10.145
10.171
10.181
10.188
10.216
10.229
10.233
10.245
10.253
10.259
10.296
10.312
10.319
10.322
10.354
10.355
10.362
10.363
10.370
10.373
10.392
10.400
10.406
10.443
10.446
10.473
10.481
10.499
10.516
10.525
10.527
10.548
10.551
10.557
10.564
10.565
10.568
10.592
10.594
10.618
10.624
10.638
10.668
10.688
10.698
10.699
10.700
10.731
10.738
10.770
10.781
10.830
10.830
10.837
10.845
10.848
10.908
10.943
10.995
11.007
11.029
11.031
11.034
11.044
11.054
11.075
11.081
11.090
11.099
11.109
11.114
11.119
11.156
11.156
11.196
11.257
11.258
11.268
11.278
11.293
11.302
11.322
11.323
11.364
11.383
11.387
11.452
11.525
11.525
11.552
11.573
11.578
11.587
11.634
11.662
11.699
11.731
11.780
11.806
11.812
11.819
11.851
11.868
11.894
11.899
11.919
11.919
11.920
11.935
11.949
11.983
11.994
12.013
12.049
12.083
12.095
12.127
12.160
12.199
12.211
12.224
12.258
12.266
12.291
12.311
12.313
12.331
12.338
12.353
12.359
12.373
12.376
12.401
12.417
12.430
12.430
12.434
12.466
12.522
12.522
12.543
12.547
12.551
12.557
12.575
12.585
12.628
12.691
12.692
12.721
12.737
12.752
12.863
12.876
12.892
12.895
12.900
12.947
13.037
13.043
13.072
13.080
13.145
13.168
13.183
13.190
13.219
13.299
13.343
13.446
13.451
13.456
13.468
13.476
13.488
13.593
13.625
13.682
13.722
13.722
13.833
13.901
13.909
13.947
13.957
14.007
14.022
14.048
14.067
14.072
14.080
14.084
14.091
14.114
14.142
14.170
14.191
14.211
14.235
14.258
14.263
14.282
14.282
14.318
14.363
14.388
14.420
14.456
14.590
14.629
14.640
14.797
14.805
14.820
14.913
14.916
14.956
14.989
15.012
15.017
15.019
15.185
15.239
15.346
15.371
15.431
15.484
15.487
15.541
15.588
15.604
15.604
15.608
15.736
15.803
15.843
15.866
15.888
15.889
15.897
15.926
15.960
16.019
16.183
16.313
16.600
16.623
16.908
16.920
16.999
17.202
17.452
17.516
17.557
17.590
17.639
17.694
17.757
17.790
17.834
17.888
17.889
17.907
18.009
18.010
18.015
18.035
18.065
18.067
18.089
18.110
18.110
18.180
18.324
18.337
18.347
18.391
18.402
18.447
18.469
18.555
18.555
18.558
18.559
18.572
18.582
18.619
18.620
18.642
18.653
18.694
18.708
18.734
18.736
18.739
18.759
18.793
18.801
18.819
18.834
18.837
18.843
18.862
18.867
18.920
18.921
18.940
18.943
18.949
18.989
18.992
18.998
19.011
19.025
19.046
19.052
19.053
19.055
19.099
19.108
19.118
19.133
19.184
19.193
19.218
19.221
19.236
19.251
19.254
19.267
19.267
19.305
19.333
19.340
19.352
19.437
19.450
19.452
19.454
19.455
19.463
19.472
19.501
19.517
19.524
19.547
19.554
19.562
19.568
19.590
19.600
19.633
19.633
19.642
19.668
19.680
19.684
19.702
19.706
19.723
19.737
19.750
19.753
19.756
19.767
19.771
19.782
19.787
19.796
19.803
19.806
19.808
19.830
19.831
19.847
19.848
19.853
19.862
19.863
19.864
19.875
19.876
19.879
19.891
19.894
19.904
19.908
19.908
19.910
19.915
19.922
19.927
19.931
19.934
19.935
19.944
19.948
19.968
19.968
19.968
19.971
19.981
19.992
19.994
19.996
20.001
20.019
20.028
20.028
20.031
20.044
20.044
20.056
20.067
20.070
20.072
20.073
20.078
20.080
20.084
20.089
20.094
20.104
20.106
20.106
20.109
20.110
20.133
20.135
20.138
20.140
20.153
20.166
20.183
20.199
20.206
20.246
20.249
20.252
20.261
20.261
20.265
20.287
20.308
20.315
20.325
20.354
20.367
20.380
20.385
20.394
20.396
20.397
20.409
20.428
20.444
20.448
20.452
20.456
20.481
20.495
20.497
20.503
20.515
20.517
20.520
20.523
20.528
20.557
20.564
20.564
20.569
20.585
20.590
20.593
20.594
20.613
20.622
20.623
20.635
20.639
20.659
20.661
20.666
20.672
20.678
20.689
20.692
20.710
20.718
20.727
20.730
20.730
20.733
20.734
20.735
20.735
20.736
20.742
20.748
20.749
20.760
20.774
20.783
20.785
20.803
20.834
20.846
20.848
20.850
20.853
20.858
20.860
20.861
20.870
20.871
20.887
20.889
20.890
20.890
20.891
20.892
20.899
20.901
20.902
20.903
20.909
20.912
20.914
20.928
20.934
20.941
20.946
20.947
20.972
20.996
21.008
21.009
21.026
21.034
21.038
21.043
21.048
21.048
21.048
21.050
21.051
21.063
21.064
21.066
21.071
21.071
21.084
21.084
21.092
21.094
21.094
21.098
21.107
21.110
21.116
21.117
21.117
21.118
21.122
21.124
21.125
21.126
21.131
21.136
21.156
21.161
21.162
21.165
21.165
21.169
21.176
21.179
21.179
21.189
21.195
21.196
21.202
21.203
21.204
21.217
21.219
21.220
21.226
21.227
21.230
21.230
21.232
21.237
21.241
21.243
21.244
21.248
21.249
21.249
21.249
21.250
21.267
21.268
21.271
21.282
21.287
21.290
21.294
21.298
21.299
21.301
21.317
21.317
21.326
21.345
21.354
21.358
21.362
21.363
21.366
21.369
21.370
21.376
21.376
21.380
21.385
21.385
21.388
21.389
21.389
21.396
21.400
21.400
21.402
21.402
21.402
21.412
21.415
21.419
21.425
21.426
21.428
21.434
21.436
21.436
21.436
21.438
21.438
21.450
21.462
21.463
21.466
21.467
21.476
21.476
21.477
21.482
21.483
21.484
21.486
21.486
21.498
21.501
21.511
21.514
21.515
21.523
21.524
21.528
21.531
21.533
21.540
21.542
21.544
21.550
21.550
21.554
21.566
21.566
21.568
21.573
21.574
21.576
21.577
21.581
21.582
21.592
21.593
21.595
21.595
21.600
21.601
21.611
21.613
21.614
21.618
21.628
21.628
21.634
21.635
21.635
21.636
21.638
21.638
21.655
21.655
21.660
21.665
21.667
21.671
21.672
21.674
21.690
21.690
21.701
21.707
21.713
21.713
21.718
21.721
21.724
21.727
21.732
21.752
21.754
21.754
21.757
21.759
21.764
21.765
21.765
21.767
21.787
21.789
21.793
21.797
21.797
21.799
21.799
21.802
21.820
21.828
21.832
21.835
21.836
21.843
21.846
21.849
21.855
21.857
21.863
21.867
21.867
21.869
21.870
21.873
21.874
21.875
21.884
21.886
21.891
21.892
21.893
21.896
21.898
21.899
21.904
21.907
21.909
21.911
21.916
21.919
21.923
21.934
21.935
21.941
21.942
21.942
21.943
21.946
21.948
21.951
21.953
21.957
21.963
21.966
21.966
21.972
21.972
21.984
21.988
21.991
22.000
22.002
22.003
22.007
22.011
22.011
22.012
22.013
22.014
22.022
22.033
22.037
22.040
22.043
22.045
22.048
22.049
22.049
22.049
22.051
22.051
22.052
22.055
22.060
22.060
22.066
22.068
22.069
22.071
22.073
22.079
22.080
22.087
22.087
22.092
22.096
22.096
22.099
22.103
22.105
22.105
22.112
22.117
22.119
22.120
22.123
22.126
22.130
22.157
22.157
22.159
22.161
22.162
22.163
22.165
22.169
22.170
22.172
22.177
22.179
22.180
22.185
22.188
22.190
22.190
22.193
22.196
22.199
22.201
22.201
22.206
22.208
22.213
22.224
22.224
22.224
22.226
22.228
22.228
22.243
22.246
22.248
22.251
22.253
22.255
22.259
22.260
22.261
22.264
22.264
22.273
22.273
22.282
22.284
22.285
22.293
22.300
22.304
22.317
22.328
22.328
22.337
22.340
22.342
22.342
22.342
22.344
22.344
22.348
22.352
22.352
22.353
22.354
22.359
22.368
22.376
22.376
22.379
22.395
22.401
22.401
22.403
22.411
22.416
22.417
22.423
22.430
22.434
22.439
22.446
22.454
22.458
22.459
22.462
22.463
22.465
22.474
22.492
22.506
22.506
22.510
22.512
22.522
22.523
22.524
22.530
22.534
22.537
22.539
22.549
22.551
22.551
22.555
22.557
22.569
22.570
22.570
22.573
22.574
22.574
22.578
22.581
22.585
22.590
22.593
22.597
22.600
22.609
22.612
22.615
22.625
22.645
22.649
22.650
22.651
22.658
22.662
22.672
22.674
22.675
22.676
22.677
22.677
22.685
22.686
22.689
22.692
22.699
22.710
22.716
22.722
22.723
22.724
22.724
22.724
22.725
22.725
22.725
22.727
22.728
22.728
22.736
22.737
22.738
22.739
22.740
22.740
22.743
22.747
22.756
22.766
22.767
22.767
22.770
22.773
22.781
22.786
22.787
22.791
22.792
22.795
22.798
22.804
22.808
22.808
22.812
22.815
22.820
22.822
22.823
22.830
22.831
22.836
22.838
22.839
22.850
22.851
22.864
22.867
22.874
22.880
22.881
22.883
22.900
22.901
22.902
22.903
22.911
22.921
22.926
22.926
22.932
22.935
22.938
22.940
22.954
22.963
22.970
22.971
22.974
22.981
22.982
22.983
22.984
22.988
22.988
22.991
22.994
22.997
23.001
23.002
23.004
23.006
23.006
23.007
23.014
23.015
23.016
23.032
23.045
23.050
23.050
23.059
23.060
23.063
23.067
23.071
23.071
23.072
23.075
23.075
23.076
23.079
23.079
23.084
23.086
23.088
23.089
23.094
23.094
23.097
23.098
23.101
23.106
23.110
23.110
23.113
23.120
23.125
23.128
23.129
23.133
23.133
23.142
23.154
23.155
23.156
23.156
23.157
23.158
23.158
23.161
23.163
23.168
23.174
23.175
23.176
23.179
23.183
23.183
23.186
23.189
23.189
23.189
23.203
23.218
23.219
23.221
23.225
23.226
23.227
23.232
23.233
23.233
23.235
23.243
23.249
23.252
23.256
23.257
23.260
23.272
23.273
23.277
23.281
23.283
23.287
23.292
23.292
23.293
23.295
23.295
23.304
23.307
23.311
23.314
23.316
23.316
23.322
23.323
23.326
23.331
23.335
23.336
23.342
23.344
23.346
23.348
23.352
23.353
23.357
23.360
23.362
23.363
23.365
23.366
23.366
23.368
23.372
23.377
23.389
23.391
23.392
23.400
23.402
23.408
23.415
23.416
23.416
23.416
23.421
23.421
23.422
23.426
23.441
23.461
23.464
23.470
23.479
23.480
23.484
23.484
23.492
23.493
23.499
23.499
23.502
23.502
23.503
23.504
23.511
23.512
23.513
23.514
23.514
23.516
23.517
23.522
23.522
23.540
23.543
23.545
23.547
23.551
23.571
23.571
23.572
23.572
23.575
23.576
23.577
23.579
23.582
23.585
23.586
23.588
23.594
23.597
23.605
23.607
23.609
23.612
23.613
23.623
23.640
23.643
23.644
23.645
23.647
23.656
23.658
23.660
23.660
23.666
23.671
23.675
23.681
23.685
23.686
23.686
23.688
23.692
23.692
23.696
23.707
23.707
23.712
23.713
23.720
23.725
23.727
23.735
23.735
23.736
23.736
23.741
23.748
23.749
23.753
23.761
23.761
23.765
23.769
23.772
23.780
23.787
23.787
23.797
23.807
23.810
23.821
23.825
23.833
23.838
23.839
23.843
23.848
23.856
23.858
23.859
23.866
23.874
23.879
23.880
23.881
23.885
23.885
23.888
23.889
23.889
23.891
23.891
23.897
23.898
23.902
23.915
23.924
23.928
23.933
23.934
23.936
23.941
23.942
23.942
23.953
23.954
23.962
23.963
23.964
23.977
23.986
23.986
24.008
24.010
24.011
24.012
24.018
24.021
24.024
24.026
24.029
24.031
24.037
24.038
24.043
24.047
24.048
24.053
24.061
24.073
24.074
24.074
24.075
24.076
24.093
24.094
24.104
24.105
24.105
24.110
24.114
24.118
24.119
24.128
24.131
24.137
24.138
24.147
24.158
24.159
24.162
24.165
24.170
24.172
24.175
24.186
24.190
24.191
24.192
24.198
24.200
24.214
24.220
24.222
24.222
24.240
24.263
24.264
24.281
24.282
24.283
24.283
24.285
24.285
24.288
24.301
24.306
24.316
24.325
24.331
24.333
24.346
24.353
24.356
24.369
24.378
24.384
24.386
24.387
24.388
24.395
24.397
24.398
24.399
24.403
24.408
24.419
24.419
24.424
24.429
24.432
24.436
24.439
24.444
24.445
24.445
24.446
24.451
24.455
24.464
24.465
24.466
24.468
24.475
24.487
24.490
24.492
24.492
24.495
24.497
24.499
24.503
24.505
24.533
24.537
24.551
24.566
24.582
24.585
24.588
24.588
24.589
24.594
24.597
24.598
24.599
24.599
24.614
24.628
24.632
24.643
24.649
24.652
24.664
24.665
24.676
24.676
24.677
24.679
24.684
24.691
24.695
24.699
24.703
24.705
24.706
24.707
24.711
24.718
24.735
24.745
24.748
24.762
24.766
24.766
24.772
24.780
24.800
24.804
24.816
24.820
24.822
24.831
24.841
24.841
24.849
24.865
24.869
24.874
24.889
24.891
24.892
24.894
24.898
24.913
24.914
24.915
24.919
24.923
24.924
24.930
24.937
24.939
24.952
24.957
24.970
24.974
24.992
24.996
25.014
25.022
25.038
25.040
25.056
25.063
25.068
25.076
25.077
25.078
25.079
25.084
25.086
25.094
25.102
25.114
25.115
25.125
25.139
25.149
25.154
25.178
25.183
25.186
25.191
25.203
25.209
25.214
25.215
25.219
25.226
25.242
25.244
25.250
25.259
25.265
25.269
25.271
25.284
25.287
25.299
25.308
25.341
25.344
25.346
25.348
25.366
25.371
25.392
25.419
25.420
25.421
25.435
25.454
25.461
25.465
25.483
25.492
25.494
25.495
25.496
25.505
25.506
25.513
25.518
25.520
25.522
25.524
25.549
25.550
25.551
25.557
25.563
25.568
25.569
25.570
25.574
25.595
25.597
25.602
25.602
25.615
25.621
25.639
25.641
25.650
25.656
25.661
25.671
25.677
25.692
25.694
25.725
25.729
25.737
25.750
25.753
25.756
25.761
25.761
25.769
25.770
25.777
25.778
25.799
25.816
25.871
25.877
25.885
25.898
25.937
25.963
25.969
25.975
25.980
25.998
26.013
26.017
26.017
26.025
26.043
26.050
26.085
26.119
26.124
26.207
26.219
26.232
26.244
26.248
26.256
26.270
26.283
26.284
26.297
26.301
26.317
26.328
26.342
26.347
26.384
26.464
26.470
26.499
26.502
26.509
26.520
26.541
26.550
26.551
26.553
26.560
26.562
26.575
26.585
26.585
26.612
26.664
26.665
26.682
26.700
26.701
26.730
26.739
26.739
26.740
26.756
26.828
26.836
26.857
26.861
26.861
26.931
27.003
27.017
27.059
27.067
27.103
27.114
27.115
27.129
27.171
27.172
27.188
27.192
27.212
27.213
27.224
27.236
27.260
27.313
27.346
27.392
27.463
27.485
27.490
27.498
27.501
27.545
27.593
27.617
27.646
27.660
27.661
27.672
27.727
27.735
27.784
27.784
27.789
27.806
27.813
27.849
27.851
27.942
27.951
27.973
28.017
28.051
28.058
28.059
28.091
28.145
28.166
28.179
28.196
28.218
28.227
28.256
28.292
28.476
28.501
28.518
28.535
28.548
28.645
28.678
28.680
28.686
28.704
28.717
28.777
28.785
28.849
28.856
28.884
28.967
29.049
29.074
29.077
29.097
29.145
29.187
29.204
29.269
29.282
29.282
29.297
29.320
29.371
29.406
29.535
29.537
29.559
29.580
29.610
29.620
29.622
29.630
29.722
29.792
29.797
29.867
29.875
29.891
29.962
29.994
30.069
30.113
30.131
30.134
30.279
30.316
30.401
30.452
30.454
30.725
30.731
30.766
30.785
30.825
30.843
30.977
30.978
31.068
31.091
31.139
31.210
31.211
31.295
31.306
31.335
31.464
31.464
31.580
31.586
31.719
31.727
31.838
31.856
31.905
32.025
32.031
32.081
32.101
32.275
32.338
32.367
32.394
32.502
32.565
32.640
32.645
32.697
32.706
32.762
32.872
33.016
33.022
33.135
33.165
33.187
33.425
33.448
33.461
33.756
33.804
33.892
33.988
34.019
34.081
34.094
34.172
34.231
34.332
34.333
34.400
34.691
34.705
34.720
34.725
34.749
34.758
34.787
34.791
34.817
34.919
35.063
35.163
35.211
35.315
35.472
35.539
35.543
35.589
35.659
35.745
35.915
36.030
36.225
36.247
36.256
36.404
36.688
36.749
36.776
36.815
36.886
36.915
36.959
37.021
37.134
37.247
37.338
37.489
37.799
37.878
38.062
38.199
38.272
38.546
38.668
38.780
38.809
38.985
39.116
39.157
39.189
39.195
39.248
39.350
39.454
39.806
39.907
40.170
40.248
40.251
40.396
40.518
40.562
40.634
40.916
40.927
41.159
41.160
41.415
41.472
41.817
41.871
42.455
42.648
42.686
42.832
42.867
43.055
43.564
43.640
43.712
43.911
44.040
44.125
44.232
44.855
45.233
45.574
46.021
46.084
46.624
46.736
47.014
47.987
48.005
48.287
48.493
48.850
48.884
49.699
50.134
50.236
50.259
50.365
50.418
50.585
51.130
51.273
51.769
51.857
51.967
52.110
52.352
52.440
52.936
53.554
53.777
54.410
54.505
54.561
55.035
55.111
55.147
55.409
55.546
56.460
56.496
57.803
57.879
59.514
60.156
60.249
61.500
62.382
63.245
63.283
63.488
63.494
65.257
66.100
68.146
68.298
69.072
69.315
69.437
71.624
72.433
74.204
74.935
76.978
77.966
79.818
80.100
80.371
81.408
82.252
82.954
84.096
84.449
85.829
86.383
87.011
88.165
89.210
89.754
90.706
91.391
92.923
94.583
94.712
95.379
95.417
97.026
98.316
99.535
99.720
100.302
100.343
100.419
100.460
100.485
100.508
100.535
100.545
100.577
100.616
100.685
100.720
100.941
100.951
100.976
101.067
101.100
101.160
101.160
101.262
101.268
101.288
101.317
101.320
101.349
101.364
101.409
101.447
101.483
101.507
101.509
101.567
101.597
101.610
101.694
101.701
101.735
101.758
101.795
101.810
101.818
101.819
101.837
101.848
101.864
101.893
101.922
101.971
101.975
101.978
102.012
102.047
102.056
102.066
102.083
102.098
102.114
102.123
102.127
102.135
102.148
102.159
102.189
102.193
102.201
102.214
102.218
102.241
102.256
102.290
102.309
102.318
102.334
102.343
102.362
102.405
102.443
102.485
102.497
102.499
102.509
102.520
102.542
102.552
102.580
102.599
102.621
102.664
102.666
102.686
102.700
102.704
102.710
102.712
102.743
102.778
102.778
102.781
102.782
102.786
102.787
102.808
102.848
102.849
102.850
102.857
102.862
102.869
102.873
102.883
102.888
102.890
102.905
102.906
102.911
102.921
102.921
102.926
102.965
102.973
102.979
103.000
103.007
103.022
103.024
103.031
103.041
103.041
103.045
103.048
103.059
103.063
103.063
103.070
103.107
103.116
103.119
103.124
103.126
103.155
103.175
103.210
103.222
103.238
103.239
103.240
103.244
103.250
103.284
103.286
103.290
103.303
103.331
103.339
103.341
103.362
103.383
103.388
103.400
103.421
103.444
103.444
103.448
103.453
103.463
103.492
103.507
103.510
103.526
103.527
103.539
103.540
103.541
103.546
103.550
103.557
103.581
103.602
103.603
103.612
103.619
103.621
103.624
103.630
103.632
103.633
103.635
103.645
103.661
103.661
103.670
103.685
103.699
103.708
103.710
103.725
103.728
103.734
103.739
103.772
103.782
103.790
103.805
103.816
103.822
103.825
103.829
103.832
103.836
103.843
103.851
103.863
103.881
103.892
103.893
103.909
103.953
103.970
103.971
103.989
103.999
104.002
104.002
104.011
104.016
104.046
104.056
104.059
104.078
104.080
104.090
104.105
104.124
104.141
104.180
104.180
104.200
104.213
104.232
104.234
104.250
104.253
104.273
104.278
104.290
104.303
104.304
104.309
104.324
104.340
104.367
104.368
104.375
104.376
104.380
104.386
104.408
104.421
104.421
104.423
104.427
104.440
104.441
104.449
104.452
104.454
104.457
104.459
104.463
104.466
104.483
104.483
104.486
104.500
104.513
104.513
104.538
104.544
104.545
104.560
104.570
104.572
104.590
104.617
104.630
104.633
104.651
104.657
104.660
104.667
104.671
104.684
104.694
104.702
104.714
104.729
104.731
104.740
104.750
104.763
104.768
104.799
104.799
104.808
104.810
104.812
104.820
104.827
104.832
104.845
104.853
104.853
104.861
104.881
104.885
104.885
104.894
104.897
104.919
104.938
104.941
104.946
104.955
104.963
104.967
104.987
104.990
104.990
104.995
104.996
104.997
104.999
105.006
105.027
105.029
105.031
105.040
105.042
105.075
105.082
105.082
105.084
105.088
105.091
105.093
105.094
105.108
105.129
105.167
105.181
105.192
105.194
105.211
105.214
105.219
105.226
105.257
105.276
105.292
105.294
105.305
105.321
105.344
105.348
105.349
105.356
105.370
105.382
105.387
105.403
105.407
105.418
105.449
105.461
105.462
105.464
105.470
105.478
105.480
105.508
105.531
105.562
105.563
105.584
105.592
105.608
105.621
105.627
105.630
105.631
105.638
105.641
105.653
105.655
105.670
105.675
105.701
105.712
105.714
105.722
105.726
105.746
105.751
105.791
105.801
105.812
105.814
105.815
105.820
105.823
105.825
105.828
105.849
105.867
105.871
105.875
105.881
105.892
105.910
105.914
105.915
105.932
105.953
105.972
106.004
106.006
106.011
106.012
106.012
106.013
106.028
106.037
106.053
106.057
106.065
106.068
106.071
106.078
106.085
106.092
106.103
106.115
106.122
106.128
106.129
106.130
106.131
106.179
106.189
106.212
106.212
106.214
106.224
106.233
106.233
106.254
106.282
106.328
106.349
106.384
106.421
106.443
106.472
106.475
106.490
106.527
106.558
106.560
106.566
106.571
106.574
106.575
106.581
106.581
106.595
106.597
106.599
106.600
106.604
106.619
106.620
106.631
106.638
106.640
106.653
106.662
106.666
106.686
106.686
106.693
106.695
106.709
106.751
106.752
106.762
106.773
106.786
106.786
106.789
106.798
106.805
106.826
106.830
106.830
106.844
106.855
106.862
106.881
106.894
106.930
106.950
106.968
106.987
106.997
106.998
106.999
107.046
107.047
107.052
107.065
107.071
107.079
107.084
107.088
107.099
107.110
107.121
107.129
107.130
107.139
107.143
107.184
107.187
107.194
107.204
107.213
107.233
107.277
107.307
107.318
107.351
107.359
107.360
107.366
107.378
107.409
107.411
107.432
107.437
107.443
107.443
107.455
107.458
107.462
107.463
107.478
107.505
107.519
107.522
107.536
107.563
107.572
107.581
107.583
107.588
107.594
107.599
107.618
107.642
107.643
107.648
107.656
107.670
107.679
107.683
107.739
107.742
107.747
107.767
107.788
107.798
107.805
107.808
107.820
107.825
107.856
107.861
107.870
107.871
107.871
107.873
107.884
107.886
107.889
107.896
107.900
107.910
107.910
107.915
107.915
107.922
107.922
107.922
107.931
107.941
107.943
107.946
107.966
107.968
107.974
107.978
107.980
107.991
107.996
107.996
108.001
108.011
108.018
108.024
108.027
108.028
108.037
108.049
108.050
108.052
108.095
108.095
108.102
108.111
108.113
108.119
108.123
108.139
108.156
108.156
108.159
108.171
108.172
108.173
108.185
108.185
108.187
108.196
108.198
108.212
108.213
108.234
108.238
108.239
108.246
108.251
108.267
108.267
108.301
108.309
108.323
108.327
108.332
108.345
108.352
108.353
108.355
108.366
108.368
108.370
108.376
108.381
108.384
108.398
108.415
108.430
108.433
108.473
108.491
108.506
108.509
108.514
108.527
108.548
108.548
108.549
108.549
108.550
108.563
108.565
108.571
108.580
108.583
108.588
108.598
108.609
108.613
108.632
108.632
108.633
108.635
108.639
108.657
108.660
108.664
108.669
108.693
108.703
108.716
108.721
108.738
108.745
108.751
108.753
108.762
108.762
108.764
108.770
108.774
108.779
108.790
108.791
108.820
108.832
108.834
108.836
108.839
108.852
108.853
108.853
108.861
108.863
108.879
108.879
108.882
108.893
108.896
108.901
108.911
108.928
108.931
108.965
108.966
108.967
108.967
108.968
108.969
108.974
108.982
108.998
109.005
109.016
109.021
109.024
109.029
109.035
109.040
109.041
109.042
109.051
109.062
109.062
109.090
109.090
109.092
109.107
109.108
109.111
109.119
109.127
109.131
109.135
109.138
109.139
109.163
109.167
109.182
109.183
109.184
109.185
109.186
109.188
109.192
109.192
109.207
109.208
109.210
109.211
109.215
109.224
109.234
109.238
109.242
109.257
109.278
109.278
109.280
109.281
109.286
109.303
109.305
109.308
109.325
109.328
109.336
109.352
109.353
109.353
109.357
109.358
109.364
109.364
109.368
109.371
109.376
109.377
109.378
109.386
109.388
109.410
109.412
109.417
109.426
109.428
109.434
109.449
109.468
109.469
109.486
109.487
109.491
109.493
109.496
109.498
109.504
109.506
109.512
109.514
109.518
109.520
109.523
109.525
109.535
109.553
109.557
109.574
109.581
109.590
109.590
109.598
109.603
109.638
109.648
109.651
109.656
109.660
109.668
109.670
109.678
109.679
109.712
109.720
109.746
109.746
109.747
109.753
109.762
109.763
109.764
109.766
109.767
109.767
109.785
109.805
109.817
109.825
109.850
109.868
109.871
109.873
109.880
109.883
109.886
109.895
109.899
109.901
109.912
109.912
109.930
109.934
109.936
109.937
109.962
109.978
109.979
109.981
109.995
109.999
110.030
110.036
110.039
110.055
110.058
110.068
110.074
110.085
110.093
110.098
110.110
110.112
110.119
110.119
110.127
110.137
110.172
110.174
110.199
110.201
110.220
110.246
110.257
110.262
110.266
110.268
110.277
110.297
110.304
110.307
110.312
110.321
110.328
110.329
110.333
110.335
110.339
110.341
110.347
110.351
110.363
110.366
110.380
110.381
110.385
110.390
110.392
110.400
110.407
110.429
110.434
110.437
110.438
110.442
110.450
110.457
110.469
110.478
110.479
110.481
110.485
110.490
110.494
110.505
110.505
110.511
110.520
110.529
110.536
110.537
110.544
110.552
110.559
110.560
110.571
110.576
110.581
110.581
110.600
110.602
110.604
110.607
110.611
110.621
110.623
110.631
110.654
110.678
110.686
110.699
110.701
110.701
110.703
110.704
110.708
110.708
110.715
110.718
110.723
110.724
110.743
110.749
110.750
110.753
110.754
110.756
110.787
110.787
110.799
110.802
110.804
110.807
110.808
110.809
110.810
110.810
110.825
110.834
110.851
110.860
110.864
110.872
110.905
110.914
110.918
110.923
110.937
110.948
110.956
110.958
110.959
110.960
110.963
110.964
110.968
110.975
110.987
110.989
111.002
111.004
111.010
111.025
111.030
111.030
111.038
111.038
111.040
111.055
111.067
111.088
111.098
111.099
111.103
111.105
111.107
111.120
111.128
111.128
111.139
111.144
111.144
111.170
111.182
111.187
111.205
111.210
111.217
111.237
111.250
111.265
111.275
111.283
111.296
111.297
111.300
111.306
111.333
111.340
111.341
111.343
111.344
111.355
111.371
111.386
111.401
111.405
111.420
111.423
111.424
111.446
111.455
111.458
111.464
111.467
111.468
111.488
111.492
111.498
111.499
111.500
111.509
111.530
111.532
111.553
111.584
111.585
111.586
111.605
111.608
111.613
111.626
111.626
111.639
111.641
111.645
111.653
111.673
111.673
111.679
111.685
111.685
111.698
111.721
111.726
111.736
111.745
111.750
111.751
111.752
111.790
111.827
111.841
111.841
111.841
111.845
111.848
111.857
111.876
111.896
111.901
111.928
111.928
111.965
111.969
111.973
111.993
112.009
112.013
112.042
112.043
112.046
112.057
112.062
112.074
112.090
112.126
112.155
112.161
112.177
112.198
112.203
112.210
112.225
112.226
112.253
112.256
112.276
112.301
112.325
112.347
112.357
112.358
112.374
112.402
112.426
112.454
112.465
112.477
112.496
112.505
112.524
112.527
112.555
112.558
112.564
112.565
112.569
112.584
112.600
112.617
112.664
112.699
112.708
112.709
112.744
112.750
112.770
112.771
112.773
112.784
112.799
112.801
112.802
112.817
112.819
112.820
112.864
112.882
112.892
112.894
112.993
113.001
113.047
113.047
113.059
113.078
113.093
113.103
113.105
113.119
113.126
113.174
113.208
113.210
113.219
113.240
113.249
113.274
113.291
113.296
113.304
113.308
113.329
113.344
113.373
113.412
113.417
113.418
113.419
113.435
113.444
113.445
113.448
113.459
113.460
113.462
113.473
113.474
113.479
113.481
113.481
113.496
113.539
113.572
113.575
113.583
113.626
113.632
113.634
113.655
113.681
113.691
113.717
113.734
113.813
113.876
113.876
113.887
113.887
113.911
113.929
113.936
113.946
113.985
113.986
113.987
114.029
114.040
114.079
114.082
114.097
114.105
114.129
114.148
114.158
114.164
114.174
114.250
114.279
114.286
114.316
114.318
114.344
114.384
114.391
114.467
114.483
114.522
114.528
114.546
114.574
114.582
114.591
114.603
114.610
114.666
114.711
114.732
114.734
114.744
114.799
114.839
114.879
114.880
114.884
114.900
114.926
114.937
114.955
114.956
114.958
114.984
114.989
115.020
115.022
115.024
115.035
115.043
115.047
115.053
115.076
115.084
115.118
115.141
115.151
115.157
115.199
115.250
115.272
115.291
115.295
115.301
115.306
115.322
115.328
115.328
115.328
115.329
115.334
115.342
115.352
115.358
115.365
115.383
115.387
115.387
115.391
115.398
115.401
115.406
115.416
115.463
115.466
115.478
115.481
115.493
115.522
115.534
115.560
115.564
115.573
115.587
115.600
115.608
115.621
115.628
115.630
115.633
115.659
115.675
115.691
115.696
115.697
115.718
115.729
115.817
115.849
115.849
115.864
115.869
115.885
115.886
115.887
115.894
115.894
115.908
115.927
115.938
115.943
115.950
115.960
115.960
115.977
115.982
116.003
116.009
116.012
116.021
116.021
116.024
116.025
116.030
116.035
116.037
116.049
116.061
116.062
116.063
116.064
116.090
116.105
116.110
116.114
116.118
116.123
116.130
116.164
116.169
116.173
116.175
116.190
116.216
116.225
116.236
116.244
116.247
116.248
116.253
116.271
116.272
116.282
116.285
116.290
116.299
116.304
116.308
116.310
116.312
116.328
116.340
116.341
116.347
116.351
116.354
116.354
116.357
116.359
116.360
116.370
116.379
116.401
116.407
116.411
116.412
116.418
116.447
116.452
116.465
116.467
116.473
116.476
116.479
116.480
116.488
116.488
116.495
116.496
116.501
116.507
116.511
116.513
116.521
116.543
116.543
116.543
116.544
116.551
116.555
116.560
116.562
116.568
116.569
116.583
116.610
116.614
116.619
116.619
116.623
116.626
116.631
116.635
116.650
116.674
116.692
116.693
116.707
116.718
116.727
116.732
116.733
116.734
116.739
116.742
116.744
116.760
116.771
116.772
116.787
116.802
116.810
116.819
116.823
116.824
116.824
116.826
116.827
116.828
116.833
116.836
116.839
116.840
116.842
116.849
116.868
116.870
116.873
116.874
116.885
116.892
116.895
116.899
116.901
116.902
116.904
116.907
116.910
116.911
116.911
116.920
116.922
116.935
116.940
116.941
116.944
116.951
116.951
116.952
116.961
116.976
116.977
117.004
117.004
117.011
117.019
117.023
117.026
117.029
117.029
117.035
117.042
117.043
117.046
117.054
117.062
117.068
117.072
117.080
117.083
117.090
117.096
117.109
117.110
117.120
117.120
117.122
117.128
117.134
117.135
117.143
117.145
117.148
117.163
117.164
117.167
117.171
117.176
117.181
117.187
117.187
117.188
117.202
117.207
117.207
117.210
117.210
117.220
117.229
117.231
117.233
117.236
117.237
117.246
117.248
117.251
117.252
117.252
117.255
117.260
117.261
117.261
117.261
117.262
117.262
117.264
117.264
117.272
117.295
117.302
117.304
117.305
117.312
117.315
117.322
117.324
117.325
117.328
117.328
117.339
117.340
117.343
117.343
117.343
117.346
117.346
117.347
117.350
117.357
117.359
117.361
117.364
117.371
117.371
117.373
117.379
117.380
117.386
117.406
117.409
117.413
117.417
117.417
117.428
117.428
117.430
117.431
117.434
117.436
117.442
117.449
117.459
117.461
117.461
117.464
117.467
117.477
117.477
117.479
117.479
117.488
117.491
117.499
117.500
117.502
117.503
117.510
117.510
117.528
117.531
117.539
117.539
117.539
117.540
117.545
117.550
117.557
117.558
117.560
117.561
117.562
117.562
117.565
117.574
117.576
117.576
117.581
117.583
117.584
117.587
117.595
117.600
117.602
117.607
117.608
117.611
117.612
117.621
117.624
117.626
117.642
117.646
117.647
117.656
117.656
117.657
117.664
117.667
117.668
117.671
117.681
117.682
117.683
117.683
117.693
117.697
117.702
117.703
117.706
117.709
117.714
117.719
117.734
117.745
117.747
117.748
117.752
117.753
117.755
117.766
117.769
117.774
117.779
117.779
117.781
117.788
117.789
117.798
117.799
117.800
117.803
117.812
117.820
117.828
117.830
117.835
117.840
117.841
117.857
117.858
117.873
117.887
117.891
117.895
117.899
117.903
117.907
117.923
117.932
117.934
117.937
117.939
117.941
117.942
117.945
117.945
117.948
117.951
117.952
117.957
117.962
117.969
117.971
117.987
117.991
117.995
117.995
118.000
118.007
118.009
118.011
118.037
118.038
118.038
118.056
118.061
118.062
118.066
118.078
118.084
118.085
118.092
118.095
118.097
118.098
118.099
118.100
118.103
118.104
118.108
118.113
118.120
118.133
118.136
118.142
118.142
118.146
118.152
118.154
118.156
118.164
118.171
118.174
118.177
118.178
118.179
118.190
118.194
118.196
118.201
118.202
118.202
118.202
118.206
118.219
118.232
118.233
118.237
118.246
118.250
118.251
118.254
118.256
118.260
118.264
118.276
118.278
118.281
118.282
118.283
118.296
118.296
118.297
118.321
118.328
118.334
118.338
118.338
118.339
118.344
118.347
118.353
118.364
118.370
118.380
118.382
118.387
118.389
118.389
118.391
118.401
118.405
118.405
118.411
118.416
118.419
118.419
118.419
118.420
118.422
118.428
118.438
118.440
118.440
118.442
118.445
118.454
118.457
118.458
118.464
118.473
118.475
118.477
118.480
118.481
118.482
118.489
118.490
118.503
118.506
118.508
118.510
118.519
118.524
118.526
118.529
118.533
118.555
118.558
118.561
118.561
118.565
118.567
118.569
118.570
118.575
118.583
118.584
118.595
118.598
118.598
118.603
118.604
118.607
118.609
118.612
118.615
118.618
118.619
118.632
118.633
118.637
118.637
118.640
118.656
118.657
118.659
118.660
118.670
118.675
118.675
118.677
118.677
118.679
118.683
118.695
118.696
118.696
118.697
118.699
118.701
118.703
118.715
118.715
118.716
118.718
118.720
118.725
118.728
118.734
118.736
118.737
118.741
118.743
118.748
118.753
118.761
118.764
118.764
118.764
118.765
118.768
118.770
118.775
118.776
118.779
118.780
118.784
118.784
118.788
118.791
118.793
118.794
118.803
118.811
118.826
118.827
118.828
118.828
118.835
118.839
118.843
118.844
118.844
118.845
118.846
118.847
118.856
118.859
118.861
118.862
118.862
118.862
118.863
118.863
118.868
118.870
118.870
118.878
118.879
118.881
118.881
118.882
118.895
118.896
118.898
118.898
118.900
118.915
118.918
118.922
118.922
118.928
118.931
118.935
118.939
118.941
118.943
118.943
118.944
118.949
118.955
118.955
118.957
118.958
118.965
118.966
118.967
118.977
118.980
118.980
118.986
119.002
119.014
119.020
119.024
119.030
119.043
119.044
119.047
119.050
119.058
119.060
119.070
119.070
119.070
119.072
119.076
119.079
119.082
119.082
119.083
119.085
119.087
119.091
119.092
119.094
119.096
119.100
119.102
119.114
119.120
119.122
119.124
119.132
119.136
119.137
119.138
119.142
119.143
119.143
119.151
119.152
119.159
119.165
119.171
119.172
119.173
119.174
119.178
119.183
119.186
119.190
119.191
119.194
119.196
119.197
119.197
119.202
119.207
119.214
119.215
119.216
119.216
119.220
119.222
119.222
119.230
119.245
119.247
119.248
119.249
119.250
119.251
119.253
119.257
119.268
119.282
119.288
119.289
119.293
119.297
119.298
119.299
119.301
119.308
119.310
119.312
119.313
119.315
119.325
119.333
119.341
119.346
119.357
119.367
119.369
119.369
119.370
119.377
119.382
119.382
119.384
119.384
119.389
119.390
119.394
119.396
119.397
119.413
119.415
119.420
119.421
119.422
119.424
119.429
119.432
119.433
119.438
119.445
119.455
119.456
119.461
119.463
119.463
119.465
119.466
119.466
119.472
119.472
119.473
119.476
119.487
119.505
119.511
119.515
119.515
119.515
119.519
119.521
119.522
119.531
119.537
119.543
119.546
119.556
119.565
119.566
119.566
119.568
119.577
119.582
119.582
119.600
119.601
119.603
119.609
119.611
119.630
119.630
119.631
119.637
119.638
119.652
119.658
119.662
119.664
119.667
119.669
119.670
119.683
119.684
119.686
119.687
119.689
119.690
119.700
119.704
119.705
119.705
119.706
119.706
119.707
119.708
119.710
119.715
119.720
119.720
119.721
119.725
119.730
119.730
119.732
119.733
119.735
119.739
119.739
119.746
119.752
119.759
119.762
119.774
119.774
119.775
119.789
119.800
119.805
119.808
119.818
119.824
119.827
119.828
119.835
119.836
119.843
119.843
119.843
119.844
119.845
119.846
119.847
119.852
119.855
119.859
119.866
119.866
119.866
119.869
119.880
119.881
119.881
119.882
119.890
119.898
119.910
119.918
119.919
119.924
119.927
119.930
119.934
119.935
119.936
119.948
119.961
119.963
119.963
119.964
119.966
119.966
119.968
119.974
119.975
119.977
119.990
119.992
119.996
119.997
120.004
120.005
120.011
120.022
120.022
120.027
120.034
120.034
120.038
120.039
120.039
120.041
120.042
120.043
120.055
120.071
120.071
120.071
120.078
120.080
120.082
120.087
120.089
120.089
120.091
120.092
120.101
120.120
120.130
120.130
120.130
120.136
120.141
120.145
120.158
120.160
120.163
120.163
120.174
120.175
120.178
120.190
120.191
120.197
120.198
120.199
120.215
120.218
120.222
120.224
120.227
120.251
120.252
120.252
120.261
120.264
120.266
120.271
120.276
120.285
120.299
120.302
120.308
120.309
120.312
120.321
120.323
120.324
120.330
120.333
120.335
120.336
120.341
120.348
120.363
120.368
120.372
120.372
120.375
120.394
120.403
120.408
120.409
120.419
120.424
120.430
120.431
120.432
120.435
120.451
120.451
120.465
120.475
120.482
120.482
120.491
120.492
120.502
120.508
120.509
120.512
120.514
120.514
120.521
120.521
120.523
120.532
120.536
120.551
120.553
120.556
120.563
120.566
120.566
120.569
120.584
120.590
120.599
120.602
120.607
120.633
120.633
120.634
120.635
120.642
120.650
120.656
120.657
120.658
120.663
120.663
120.665
120.669
120.670
120.676
120.679
120.683
120.689
120.691
120.698
120.703
120.704
120.705
120.706
120.710
120.716
120.725
120.739
120.751
120.751
120.753
120.761
120.766
120.767
120.770
120.778
120.782
120.790
120.790
120.795
120.798
120.799
120.805
120.806
120.823
120.826
120.830
120.831
120.833
120.837
120.851
120.855
120.856
120.860
120.863
120.864
120.866
120.869
120.877
120.888
120.896
120.901
120.902
120.903
120.913
120.914
120.914
120.923
120.945
120.950
120.950
120.961
120.968
120.981
120.981
120.982
120.984
120.991
120.994
120.995
120.998
121.003
121.008
121.012
121.017
121.017
121.017
121.022
121.031
121.032
121.033
121.039
121.041
121.044
121.050
121.050
121.052
121.057
121.064
121.069
121.073
121.077
121.079
121.082
121.122
121.160
121.165
121.177
121.181
121.189
121.201
121.207
121.209
121.234
121.243
121.252
121.254
121.265
121.269
121.284
121.291
121.292
121.294
121.306
121.308
121.319
121.321
121.321
121.324
121.328
121.333
121.338
121.339
121.346
121.354
121.357
121.388
121.400
121.405
121.420
121.421
121.432
121.437
121.440
121.440
121.444
121.444
121.447
121.451
121.453
121.459
121.461
121.461
121.489
121.489
121.491
121.496
121.510
121.514
121.525
121.547
121.559
121.595
121.599
121.614
121.619
121.623
121.640
121.641
121.642
121.650
121.663
121.676
121.677
121.677
121.678
121.682
121.684
121.720
121.723
121.735
121.736
121.739
121.771
121.773
121.775
121.776
121.787
121.792
121.807
121.821
121.824
121.840
121.841
121.853
121.858
121.862
121.868
121.870
121.876
121.882
121.889
121.900
121.901
121.906
121.913
121.916
121.916
121.922
121.924
121.947
121.948
121.949
121.950
121.955
121.957
121.960
121.964
121.966
121.974
121.984
121.992
122.030
122.032
122.070
122.107
122.110
122.116
122.139
122.154
122.157
122.158
122.166
122.174
122.185
122.195
122.210
122.210
122.229
122.231
122.247
122.248
122.250
122.258
122.259
122.260
122.265
122.266
122.283
122.286
122.287
122.288
122.290
122.293
122.325
122.327
122.335
122.336
122.339
122.340
122.356
122.370
122.374
122.399
122.401
122.401
122.408
122.414
122.421
122.431
122.436
122.454
122.459
122.470
122.490
122.491
122.502
122.509
122.520
122.521
122.524
122.538
122.544
122.559
122.562
122.564
122.584
122.603
122.612
122.648
122.666
122.676
122.733
122.738
122.744
122.778
122.792
122.796
122.801
122.825
122.827
122.836
122.839
122.848
122.891
122.898
122.914
122.927
122.949
122.958
122.982
122.985
123.004
123.017
123.020
123.037
123.045
123.058
123.070
123.075
123.096
123.097
123.119
123.123
123.130
123.146
123.160
123.175
123.180
123.188
123.189
123.189
123.196
123.202
123.206
123.236
123.240
123.242
123.283
123.283
123.288
123.308
123.335
123.347
123.353
123.361
123.362
123.399
123.423
123.441
123.449
123.460
123.470
123.484
123.495
123.525
123.533
123.574
123.581
123.624
123.637
123.667
123.724
123.748
123.757
123.758
123.785
123.799
123.803
123.814
123.821
123.825
123.852
123.853
123.881
123.890
123.904
123.959
123.995
124.002
124.005
124.019
124.020
124.024
124.032
124.047
124.078
124.095
124.108
124.116
124.149
124.171
124.175
124.197
124.219
124.227
124.253
124.277
124.291
124.313
124.331
124.350
124.361
124.368
124.397
124.473
124.508
124.552
124.553
124.585
124.599
124.600
124.627
124.651
124.665
124.685
124.692
124.695
124.695
124.703
124.735
124.849
124.885
124.900
124.904
124.906
124.947
124.975
125.004
125.031
125.087
125.110
125.132
125.133
125.140
125.145
125.174
125.192
125.199
125.202
125.244
125.299
125.347
125.509
125.544
125.571
125.580
125.610
125.612
125.688
125.712
125.753
125.772
125.779
125.853
125.924
125.939
125.950
125.996
126.043
126.062
126.070
126.091
126.096
126.108
126.123
126.145
126.194
126.250
126.252
126.276
126.287
126.303
126.359
126.375
126.425
126.455
126.486
126.523
126.530
126.530
126.622
126.636
126.665
126.709
126.718
126.720
126.744
126.753
126.753
126.810
126.890
126.904
126.906
126.967
127.019
127.035
127.052
127.058
127.068
127.076
127.104
127.163
127.186
127.195
127.290
127.291
127.336
127.379
127.414
127.433
127.465
127.472
127.517
127.523
127.556
127.563
127.566
127.694
127.764
127.770
127.785
127.823
127.865
127.877
127.891
127.895
127.905
127.950
127.955
127.979
128.035
128.070
128.070
128.122
128.151
128.268
128.344
128.421
128.439
128.530
128.562
128.634
128.635
128.658
128.666
128.706
128.721
128.770
128.837
128.876
128.884
128.913
128.922
128.978
128.994
129.140
129.178
129.247
129.307
129.372
129.429
129.581
129.639
129.745
129.753
129.773
129.790
129.794
129.796
129.871
129.903
129.943
129.943
129.960
130.042
130.044
130.134
130.165
130.299
130.377
130.403
130.413
130.427
130.467
130.498
130.537
130.555
130.617
130.748
130.899
130.964
131.000
131.063
131.160
131.163
131.186
131.189
131.215
131.227
131.268
131.313
131.474
131.564
131.675
131.765
131.810
131.841
131.850
131.850
131.892
131.938
131.952
131.952
132.033
132.137
132.163
132.172
132.256
132.275
132.314
132.322
132.337
132.352
132.407
132.495
132.510
132.538
132.631
132.716
132.717
132.803
132.806
132.841
132.855
132.894
132.960
132.986
133.115
133.141
133.174
133.259
133.278
133.289
133.317
133.327
133.465
133.531
133.549
133.560
133.591
133.650
133.659
133.667
133.667
133.734
133.774
133.780
133.782
133.811
133.825
133.871
133.901
133.990
134.055
134.079
134.107
134.111
134.136
134.153
134.175
134.245
134.335
134.391
134.429
134.453
134.457
134.469
134.535
134.598
134.601
134.695
134.761
134.770
134.815
134.829
134.856
134.935
134.940
134.979
135.044
135.090
135.134
135.135
135.226
135.235
135.236
135.244
135.302
135.312
135.312
135.387
135.493
135.515
135.518
135.579
135.586
135.649
135.666
135.788
135.800
135.819
135.884
136.147
136.283
136.411
136.413
136.506
136.517
136.531
136.573
136.575
136.693
136.730
136.784
136.856
136.869
136.878
136.912
136.987
137.071
137.120
137.289
137.292
137.344
137.424
137.430
137.491
137.520
137.551
137.576
137.607
137.616
137.714
137.757
137.786
137.792
137.812
137.852
137.859
137.862
137.880
137.960
138.019
138.038
138.118
138.165
138.172
138.238
138.265
138.266
138.322
138.342
138.522
138.526
138.573
138.574
138.617
138.651
138.705
138.741
138.749
138.785
138.809
138.819
138.828
138.842
138.851
138.853
138.915
138.931
138.951
138.958
138.962
138.988
139.016
139.028
139.039
139.041
139.042
139.042
139.055
139.060
139.063
139.168
139.195
139.205
139.221
139.259
139.270
139.365
139.394
139.418
139.420
139.440
139.477
139.539
139.583
139.602
139.618
139.638
139.691
139.695
139.767
139.800
139.830
139.842
139.848
139.848
139.883
139.887
139.889
139.896
139.950
140.010
140.012
140.025
140.036
140.037
140.039
140.061
140.063
140.098
140.107
140.134
140.149
140.161
140.165
140.230
140.236
140.283
140.290
140.292
140.311
140.337
140.356
140.370
140.401
140.410
140.411
140.426
140.459
140.467
140.542
140.570
140.579
140.621
140.639
140.639
140.643
140.690
140.696
140.702
140.705
140.782
140.787
140.822
140.901
140.903
140.903
140.910
140.915
140.925
140.952
140.953
140.956
140.974
140.977
141.006
141.020
141.039
141.044
141.058
141.076
141.107
141.154
141.159
141.160
141.174
141.239
141.241
141.303
141.304
141.314
141.316
141.322
141.327
141.330
141.333
141.334
141.366
141.373
141.377
141.378
141.380
141.395
141.401
141.451
141.460
141.464
141.469
141.479
141.496
141.535
141.551
141.581
141.587
141.589
141.591
141.600
141.603
141.621
141.622
141.637
141.653
141.653
141.657
141.661
141.662
141.673
141.684
141.687
141.690
141.706
141.728
141.743
141.750
141.766
141.779
141.785
141.805
141.811
141.822
141.839
141.850
141.854
141.881
141.894
141.926
141.926
141.947
141.957
141.958
141.962
141.977
141.991
141.991
141.991
142.023
142.037
142.038
142.047
142.064
142.071
142.106
142.112
142.119
142.129
142.131
142.135
142.136
142.140
142.143
142.147
142.163
142.218
142.228
142.240
142.256
142.257
142.296
142.307
142.317
142.322
142.344
142.356
142.359
142.361
142.388
142.430
142.448
142.451
142.477
142.493
142.528
142.538
142.552
142.559
142.566
142.574
142.588
142.601
142.610
142.645
142.668
142.685
142.702
142.718
142.724
142.735
142.743
142.748
142.774
142.776
142.786
142.808
142.811
142.817
142.826
142.837
142.865
142.870
142.870
142.908
142.943
142.956
142.965
142.968
142.984
142.989
142.996
143.021
143.039
143.056
143.069
143.070
143.112
143.122
143.137
143.151
143.161
143.193
143.193
143.204
143.211
143.232
143.241
143.241
143.245
143.276
143.308
143.313
143.317
143.322
143.337
143.340
143.351
143.355
143.377
143.380
143.383
143.385
143.395
143.402
143.424
143.431
143.436
143.451
143.452
143.466
143.468
143.472
143.481
143.484
143.494
143.504
143.542
143.549
143.560
143.563
143.564
143.567
143.568
143.572
143.573
143.591
143.626
143.640
143.644
143.645
143.674
143.675
143.678
143.703
143.704
143.742
143.760
143.815
143.828
143.829
143.872
143.882
143.894
143.929
143.964
143.981
144.002
144.028
144.043
144.049
144.062
144.070
144.087
144.102
144.122
144.167
144.206
144.233
144.251
144.264
144.273
144.289
144.291
144.305
144.314
144.390
144.398
144.470
144.496
144.520
144.521
144.545
144.555
144.563
144.566
144.580
144.583
144.590
144.591
144.643
144.670
144.699
144.704
144.727
144.743
144.769
144.772
144.780
144.782
144.797
144.849
144.858
144.873
144.873
144.925
144.929
144.945
144.951
144.960
144.969
144.979
144.985
144.991
145.000
145.006
145.022
145.030
145.035
145.053
145.058
145.079
145.097
145.104
145.123
145.123
145.187
145.190
145.246
145.248
145.253
145.279
145.297
145.306
145.317
145.327
145.347
145.352
145.357
145.383
145.398
145.436
145.500
145.501
145.513
145.526
145.526
145.562
145.576
145.590
145.596
145.630
145.711
145.722
145.760
145.776
145.781
145.785
145.813
145.821
145.837
145.867
145.873
145.884
145.897
145.910
145.911
145.913
145.913
145.943
145.976
146.024
146.030
146.032
146.043
146.081
146.088
146.089
146.131
146.135
146.149
146.190
146.209
146.217
146.246
146.249
146.252
146.270
146.280
146.330
146.344
146.399
146.473
146.487
146.494
146.497
146.533
146.601
146.633
146.641
146.659
146.691
146.697
146.735
146.749
146.783
146.795
146.827
146.835
146.835
146.862
146.876
146.886
146.898
146.901
146.975
147.035
147.058
147.093
147.151
147.223
147.230
147.250
147.256
147.268
147.324
147.326
147.352
147.392
147.398
147.422
147.429
147.439
147.452
147.488
147.520
147.544
147.612
147.796
147.865
147.878
147.884
147.893
147.933
148.035
148.047
148.050
148.055
148.105
148.135
148.204
148.207
148.221
148.261
148.312
148.319
148.363
148.366
148.384
148.390
148.404
148.414
148.441
148.446
148.480
148.499
148.505
148.631
148.639
148.647
148.660
148.783
148.800
148.812
148.824
148.851
148.930
148.941
148.945
148.973
149.066
149.106
149.122
149.194
149.249
149.255
149.262
149.278
149.287
149.296
149.296
149.300
149.311
149.395
149.462
149.474
149.503
149.521
149.545
149.554
149.557
149.563
149.588
149.596
149.632
149.663
149.676
149.686
149.687
149.702
149.734
149.749
149.763
149.770
149.837
149.846
149.873
149.873
149.886
149.895
149.949
150.020
150.055
150.057
150.077
150.093
150.129
150.131
150.135
150.135
150.156
150.168
150.173
150.175
150.191
150.279
150.316
150.329
150.341
150.380
150.399
150.488
150.491
150.514
150.566
150.621
150.636
150.665
150.686
150.701
150.714
150.732
150.753
150.754
150.793
150.798
150.884
150.930
150.945
150.957
151.010
151.044
151.096
151.113
151.161
151.231
151.270
151.401
151.406
151.407
151.409
151.449
151.517
151.530
151.557
151.576
151.583
151.607
151.617
151.650
151.699
151.708
151.711
151.824
151.969
151.972
151.976
151.978
151.983
152.008
152.039
152.056
152.127
152.141
152.152
152.174
152.175
152.203
152.223
152.226
152.262
152.288
152.289
152.372
152.450
152.506
152.626
152.631
152.721
152.721
152.749
152.764
152.765
152.777
152.856
152.864
152.909
152.913
152.997
152.998
153.007
153.024
153.027
153.039
153.063
153.099
153.203
153.238
153.242
153.280
153.324
153.327
153.360
153.366
153.391
153.401
153.420
153.421
153.426
153.442
153.469
153.479
153.501
153.540
153.562
153.602
153.624
153.632
153.693
153.738
153.741
153.743
153.744
153.811
153.843
153.855
153.905
153.923
153.967
154.057
154.071
154.090
154.168
154.231
154.263
154.292
154.374
154.376
154.410
154.428
154.441
154.466
154.477
154.502
154.508
154.523
154.557
154.581
154.608
154.646
154.704
154.713
154.782
154.833
154.867
155.043
155.052
155.071
155.079
155.135
155.161
155.165
155.247
155.258
155.290
155.339
155.478
155.512
155.525
155.535
155.548
155.575
155.632
155.638
155.652
155.658
155.700
155.708
155.864
155.921
155.965
155.978
156.046
156.049
156.093
156.110
156.139
156.142
156.144
156.211
156.213
156.232
156.235
156.312
156.357
156.369
156.394
156.402
156.428
156.451
156.463
156.507
156.512
156.550
156.571
156.722
156.722
156.727
156.789
156.791
156.797
156.800
156.803
156.878
156.946
156.962
156.967
156.995
157.021
157.082
157.175
157.250
157.302
157.355
157.382
157.403
157.421
157.449
157.545
157.621
157.627
157.693
157.704
157.704
157.718
157.744
157.766
157.835
157.844
157.851
157.885
157.897
157.902
157.920
157.957
158.002
158.024
158.047
158.064
158.068
158.149
158.158
158.223
158.307
158.351
158.448
158.453
158.508
158.581
158.582
158.591
158.593
158.601
158.610
158.688
158.696
158.700
158.715
158.772
158.833
158.910
158.935
158.940
159.024
159.087
159.123
159.127
159.213
159.236
159.331
159.352
159.459
159.466
159.473
159.484
159.484
159.524
159.576
159.602
159.605
159.624
159.647
159.663
159.707
159.787
159.802
159.806
159.819
159.862
159.925
160.020
160.136
160.216
160.237
160.260
160.302
160.314
160.347
160.402
160.437
160.487
160.559
160.878
160.971
160.995
161.014
161.066
161.116
161.165
161.195
161.206
161.251
161.289
161.378
161.417
161.527
161.557
161.563
161.689
161.733
161.744
161.767
161.859
161.886
161.952
161.971
162.147
162.319
162.331
162.335
162.350
162.377
162.575
162.592
162.593
162.627
162.692
162.865
162.882
162.955
162.999
163.000
163.162
163.192
163.256
163.270
163.286
163.468
163.552
163.704
163.814
163.858
163.901
163.947
163.970
163.994
164.102
164.136
164.236
164.247
164.265
164.266
164.323
164.348
164.479
164.576
164.637
164.641
164.736
164.823
164.933
164.971
165.024
165.219
165.293
165.353
165.418
165.634
165.634
165.668
166.040
166.070
166.144
166.183
166.207
166.245
166.338
166.512
166.520
166.533
166.578
166.598
166.736
166.834
166.846
166.876
166.904
166.942
167.153
167.200
167.371
167.659
167.742
167.745
167.779
167.936
168.313
168.329
168.471
168.632
168.745
168.816
168.935
169.041
169.068
169.174
169.319
169.515
169.628
169.666
169.812
170.051
170.140
170.195
170.262
170.271
170.304
170.334
170.409
170.731
170.930
170.984
171.032
171.270
171.354
171.716
171.832
172.018
172.173
172.205
172.260
172.290
172.308
172.350
172.519
172.675
172.704
172.777
172.929
173.130
173.286
173.328
173.353
173.353
173.356
173.359
173.394
173.564
173.602
173.741
173.773
173.774
173.915
173.971
173.971
174.324
174.367
174.548
174.818
174.915
175.113
175.158
175.263
175.380
175.428
175.578
175.659
175.739
175.804
175.841
175.857
175.869
176.141
176.225
176.295
176.308
176.326
176.528
176.719
176.792
176.971
177.271
177.291
177.341
177.438
177.501
177.650
177.785
177.802
177.875
177.901
178.361
178.761
179.860
179.927
179.939
179.995
179.997
180.219
180.224
180.232
180.237
180.242
180.525
180.614
180.668
180.698
180.736
180.738
180.744
180.749
180.780
180.808
180.834
180.891
180.894
180.916
180.941
180.986
181.126
181.149
181.172
181.208
181.209
181.223
181.261
181.266
181.304
181.316
181.347
181.360
181.383
181.390
181.396
181.416
181.430
181.472
181.475
181.510
181.533
181.567
181.592
181.597
181.611
181.618
181.627
181.654
181.661
181.690
181.694
181.699
181.729
181.731
181.808
181.870
181.871
181.954
182.007
182.042
182.046
182.084
182.104
182.151
182.157
182.169
182.176
182.184
182.185
182.187
182.201
182.210
182.216
182.247
182.248
182.275
182.292
182.328
182.341
182.349
182.416
182.468
182.473
182.504
182.509
182.516
182.524
182.539
182.544
182.551
182.576
182.589
182.601
182.664
182.697
182.699
182.709
182.712
182.715
182.741
182.753
182.764
182.788
182.798
182.815
182.818
182.822
182.822
182.834
182.839
182.852
182.852
182.877
182.901
182.907
182.955
182.957
182.978
182.996
183.007
183.024
183.057
183.062
183.099
183.122
183.133
183.143
183.195
183.251
183.273
183.289
183.368
183.383
183.392
183.402
183.436
183.438
183.440
183.444
183.504
183.550
183.578
183.592
183.612
183.616
183.624
183.627
183.706
183.713
183.744
183.755
183.757
183.776
183.785
183.787
183.804
183.805
183.817
183.838
183.886
183.905
183.908
183.911
183.931
183.951
184.004
184.007
184.010
184.021
184.032
184.049
184.152
184.162
184.184
184.187
184.192
184.212
184.273
184.320
184.322
184.329
184.353
184.354
184.370
184.372
184.376
184.377
184.393
184.401
184.417
184.462
184.475
184.484
184.496
184.502
184.507
184.544
184.547
184.552
184.563
184.567
184.586
184.603
184.606
184.608
184.639
184.646
184.677
184.699
184.699
184.715
184.723
184.752
184.768
184.769
184.801
184.801
184.813
184.831
184.842
184.852
184.856
184.862
184.870
184.872
184.886
184.888
184.892
184.911
184.917
184.919
184.928
184.929
184.938
184.956
184.958
184.961
185.013
185.036
185.071
185.108
185.122
185.142
185.159
185.172
185.228
185.257
185.270
185.286
185.345
185.351
185.354
185.371
185.377
185.378
185.384
185.402
185.424
185.456
185.461
185.517
185.522
185.531
185.564
185.579
185.587
185.601
185.608
185.609
185.638
185.676
185.691
185.694
185.705
185.729
185.750
185.771
185.800
185.805
185.814
185.823
185.827
185.848
185.849
185.862
185.865
185.882
185.890
185.890
185.891
185.899
185.908
185.926
185.931
185.963
185.987
186.015
186.019
186.045
186.046
186.054
186.063
186.070
186.106
186.142
186.144
186.208
186.243
186.251
186.252
186.298
186.302
186.306
186.316
186.319
186.325
186.326
186.333
186.348
186.354
186.357
186.386
186.394
186.406
186.436
186.466
186.545
186.571
186.593
186.625
186.698
186.730
186.757
186.791
186.819
186.822
186.827
186.831
186.855
186.891
186.942
186.947
186.980
186.995
186.996
187.029
187.036
187.096
187.104
187.122
187.137
187.137
187.158
187.166
187.198
187.217
187.232
187.245
187.246
187.267
187.273
187.277
187.278
187.280
187.297
187.303
187.343
187.351
187.373
187.393
187.398
187.401
187.403
187.407
187.408
187.435
187.461
187.463
187.472
187.474
187.476
187.560
187.571
187.572
187.600
187.607
187.609
187.609
187.634
187.639
187.671
187.683
187.683
187.685
187.696
187.706
187.726
187.733
187.736
187.756
187.767
187.775
187.785
187.786
187.804
187.820
187.843
187.856
187.868
187.882
187.899
187.907
187.960
187.987
188.004
188.016
188.021
188.039
188.047
188.054
188.059
188.078
188.087
188.095
188.098
188.114
188.120
188.150
188.194
188.213
188.219
188.226
188.236
188.255
188.275
188.304
188.316
188.396
188.427
188.457
188.465
188.491
188.495
188.497
188.520
188.540
188.551
188.555
188.583
188.596
188.606
188.644
188.685
188.710
188.730
188.732
188.750
188.774
188.810
188.818
188.834
188.843
188.856
188.856
188.888
188.905
188.906
188.934
188.965
188.965
188.965
188.986
188.990
189.008
189.040
189.054
189.068
189.085
189.138
189.152
189.157
189.173
189.194
189.195
189.196
189.212
189.315
189.316
189.338
189.353
189.363
189.384
189.414
189.437
189.437
189.488
189.489
189.516
189.519
189.524
189.532
189.542
189.567
189.578
189.592
189.599
189.607
189.619
189.632
189.637
189.646
189.654
189.658
189.667
189.701
189.720
189.724
189.729
189.768
189.795
189.853
189.870
189.886
189.901
189.932
189.933
189.934
189.936
189.969
189.983
190.026
190.031
190.033
190.119
190.138
190.158
190.166
190.186
190.186
190.191
190.191
190.195
190.211
190.216
190.235
190.248
190.268
190.284
190.294
190.324
190.410
190.429
190.461
190.462
190.478
190.535
190.558
190.570
190.630
190.638
190.684
190.708
190.748
190.786
190.835
190.857
190.862
190.876
190.973
191.000
191.006
191.011
191.029
191.029
191.038
191.050
191.164
191.185
191.186
191.202
191.209
191.218
191.264
191.317
191.337
191.339
191.344
191.368
191.391
191.413
191.425
191.430
191.531
191.570
191.571
191.615
191.623
191.637
191.638
191.702
191.754
191.829
191.859
191.874
191.891
191.894
192.000
192.045
192.060
192.069
192.075
192.084
192.086
192.095
192.114
192.149
192.159
192.187
192.238
192.243
192.273
192.276
192.277
192.327
192.342
192.354
192.363
192.364
192.365
192.388
192.394
192.412
192.414
192.425
192.437
192.455
192.470
192.488
192.495
192.497
192.503
192.518
192.523
192.527
192.541
192.541
192.572
192.597
192.641
192.643
192.654
192.717
192.720
192.727
192.792
192.811
192.838
192.858
192.860
192.867
192.872
192.873
192.877
192.897
192.947
192.963
192.980
192.983
193.014
193.085
193.103
193.113
193.129
193.134
193.145
193.155
193.160
193.164
193.178
193.190
193.215
193.218
193.237
193.237
193.238
193.241
193.284
193.285
193.298
193.323
193.326
193.335
193.337
193.338
193.354
193.357
193.364
193.376
193.376
193.386
193.399
193.401
193.428
193.447
193.449
193.475
193.494
193.496
193.496
193.500
193.506
193.508
193.516
193.524
193.526
193.529
193.535
193.538
193.545
193.550
193.575
193.614
193.624
193.668
193.670
193.673
193.680
193.682
193.697
193.702
193.713
193.745
193.749
193.768
193.782
193.784
193.789
193.822
193.829
193.848
193.858
193.862
193.878
193.886
193.890
193.893
193.928
193.934
193.967
193.968
193.985
193.989
193.991
193.992
193.998
194.003
194.004
194.006
194.006
194.015
194.017
194.024
194.029
194.031
194.036
194.046
194.064
194.073
194.074
194.077
194.114
194.115
194.117
194.124
194.136
194.143
194.143
194.162
194.167
194.169
194.185
194.194
194.206
194.216
194.217
194.233
194.300
194.307
194.311
194.311
194.338
194.341
194.367
194.369
194.375
194.385
194.385
194.402
194.415
194.416
194.425
194.430
194.431
194.438
194.454
194.466
194.470
194.483
194.486
194.491
194.492
194.504
194.504
194.509
194.518
194.531
194.555
194.590
194.592
194.595
194.602
194.607
194.608
194.627
194.632
194.667
194.678
194.686
194.690
194.717
194.722
194.726
194.728
194.729
194.751
194.769
194.773
194.779
194.791
194.805
194.810
194.812
194.827
194.837
194.845
194.862
194.878
194.881
194.890
194.892
194.912
194.915
194.922
194.922
194.942
194.943
194.955
194.961
194.971
194.989
194.989
195.004
195.023
195.024
195.026
195.030
195.032
195.040
195.047
195.068
195.086
195.104
195.113
195.155
195.159
195.165
195.170
195.171
195.173
195.179
195.180
195.190
195.201
195.204
195.206
195.220
195.239
195.240
195.243
195.253
195.261
195.266
195.271
195.272
195.277
195.285
195.298
195.300
195.300
195.306
195.319
195.319
195.320
195.321
195.325
195.336
195.350
195.386
195.414
195.414
195.418
195.421
195.425
195.448
195.459
195.460
195.472
195.478
195.481
195.488
195.489
195.490
195.497
195.504
195.508
195.517
195.525
195.533
195.564
195.570
195.594
195.603
195.606
195.608
195.617
195.639
195.639
195.645
195.649
195.672
195.676
195.676
195.685
195.686
195.690
195.703
195.705
195.721
195.723
195.726
195.731
195.760
195.768
195.791
195.795
195.801
195.809
195.809
195.812
195.816
195.834
195.839
195.853
195.860
195.864
195.869
195.872
195.873
195.876
195.885
195.888
195.893
195.897
195.902
195.904
195.907
195.909
195.915
195.925
195.928
195.933
195.938
195.939
195.942
195.950
195.950
195.954
195.959
195.965
196.003
196.045
196.049
196.050
196.058
196.061
196.064
196.069
196.087
196.089
196.096
196.118
196.124
196.125
196.139
196.145
196.150
196.153
196.174
196.194
196.201
196.202
196.218
196.218
196.230
196.232
196.237
196.242
196.249
196.260
196.261
196.264
196.269
196.270
196.282
196.287
196.314
196.322
196.339
196.340
196.343
196.345
196.350
196.353
196.354
196.362
196.379
196.382
196.388
196.398
196.404
196.406
196.411
196.420
196.428
196.449
196.452
196.455
196.473
196.474
196.479
196.479
196.487
196.489
196.508
196.517
196.528
196.532
196.532
196.534
196.541
196.544
196.559
196.565
196.572
196.583
196.600
196.601
196.611
196.611
196.635
196.642
196.643
196.644
196.651
196.652
196.653
196.654
196.655
196.673
196.674
196.678
196.693
196.701
196.705
196.711
196.734
196.734
196.735
196.736
196.736
196.751
196.754
196.755
196.762
196.768
196.773
196.774
196.787
196.787
196.789
196.789
196.792
196.819
196.819
196.823
196.826
196.844
196.845
196.851
196.853
196.860
196.875
196.877
196.899
196.902
196.910
196.912
196.917
196.918
196.920
196.935
196.951
196.959
196.975
196.981
196.981
196.987
196.987
196.989
196.995
197.003
197.006
197.011
197.016
197.019
197.027
197.043
197.045
197.050
197.053
197.057
197.063
197.067
197.077
197.082
197.084
197.092
197.107
197.117
197.134
197.141
197.166
197.191
197.195
197.198
197.200
197.203
197.206
197.207
197.208
197.208
197.212
197.228
197.242
197.245
197.248
197.263
197.265
197.275
197.277
197.286
197.287
197.287
197.289
197.290
197.293
197.295
197.296
197.301
197.311
197.311
197.327
197.331
197.350
197.352
197.354
197.356
197.361
197.362
197.366
197.381
197.392
197.407
197.412
197.417
197.419
197.420
197.424
197.434
197.436
197.442
197.449
197.450
197.450
197.453
197.473
197.476
197.476
197.483
197.484
197.489
197.490
197.495
197.507
197.521
197.536
197.537
197.554
197.559
197.565
197.567
197.571
197.571
197.578
197.585
197.586
197.587
197.588
197.624
197.624
197.629
197.634
197.635
197.639
197.647
197.655
197.662
197.677
197.678
197.679
197.680
197.681
197.687
197.694
197.697
197.700
197.703
197.708
197.723
197.724
197.725
197.726
197.731
197.735
197.741
197.741
197.743
197.746
197.750
197.755
197.755
197.756
197.758
197.760
197.761
197.762
197.763
197.780
197.787
197.789
197.790
197.793
197.801
197.809
197.814
197.816
197.823
197.823
197.825
197.835
197.835
197.838
197.844
197.846
197.854
197.854
197.869
197.873
197.873
197.875
197.877
197.878
197.893
197.904
197.938
197.940
197.941
197.943
197.952
197.953
197.963
197.980
197.980
197.986
197.994
198.010
198.015
198.022
198.023
198.023
198.030
198.033
198.034
198.036
198.040
198.046
198.048
198.051
198.053
198.053
198.059
198.059
198.073
198.083
198.098
198.101
198.106
198.109
198.111
198.113
198.123
198.124
198.125
198.134
198.141
198.141
198.150
198.156
198.159
198.169
198.173
198.173
198.175
198.191
198.196
198.197
198.199
198.214
198.215
198.232
198.234
198.249
198.255
198.255
198.255
198.257
198.259
198.262
198.265
198.266
198.273
198.286
198.291
198.303
198.303
198.307
198.309
198.318
198.319
198.320
198.321
198.324
198.330
198.333
198.356
198.362
198.362
198.376
198.380
198.382
198.385
198.391
198.393
198.400
198.411
198.412
198.415
198.415
198.417
198.425
198.427
198.431
198.432
198.436
198.439
198.463
198.471
198.475
198.479
198.485
198.486
198.489
198.491
198.491
198.498
198.503
198.518
198.519
198.520
198.539
198.543
198.550
198.560
198.563
198.565
198.566
198.576
198.577
198.579
198.586
198.590
198.592
198.594
198.607
198.618
198.622
198.627
198.635
198.648
198.654
198.657
198.657
198.657
198.678
198.682
198.686
198.687
198.698
198.713
198.715
198.717
198.722
198.726
198.727
198.730
198.735
198.736
198.754
198.755
198.761
198.761
198.764
198.766
198.772
198.783
198.793
198.799
198.812
198.818
198.831
198.834
198.840
198.850
198.854
198.860
198.864
198.866
198.871
198.872
198.882
198.887
198.893
198.895
198.912
198.922
198.923
198.926
198.929
198.933
198.934
198.937
198.942
198.946
198.949
198.950
198.952
198.952
198.953
198.958
198.958
198.964
198.968
198.970
198.979
198.995
199.000
199.005
199.008
199.013
199.027
199.029
199.030
199.032
199.036
199.039
199.042
199.044
199.049
199.050
199.056
199.058
199.068
199.071
199.075
199.076
199.082
199.086
199.090
199.100
199.101
199.106
199.115
199.119
199.122
199.124
199.142
199.145
199.150
199.156
199.156
199.163
199.170
199.173
199.174
199.176
199.187
199.189
199.190
199.202
199.203
199.222
199.237
199.246
199.248
199.250
199.254
199.254
199.255
199.267
199.276
199.280
199.290
199.297
199.304
199.304
199.305
199.308
199.311
199.314
199.329
199.332
199.335
199.361
199.366
199.367
199.370
199.375
199.380
199.382
199.385
199.387
199.388
199.396
199.398
199.404
199.413
199.416
199.417
199.418
199.418
199.437
199.441
199.443
199.447
199.461
199.464
199.469
199.483
199.488
199.497
199.500
199.504
199.512
199.513
199.515
199.518
199.519
199.523
199.530
199.532
199.534
199.570
199.572
199.574
199.586
199.592
199.602
199.609
199.609
199.610
199.613
199.616
199.625
199.626
199.631
199.636
199.636
199.638
199.641
199.642
199.645
199.660
199.661
199.666
199.682
199.686
199.692
199.694
199.712
199.715
199.721
199.727
199.731
199.745
199.752
199.753
199.768
199.781
199.782
199.791
199.792
199.798
199.806
199.814
199.815
199.816
199.817
199.819
199.821
199.822
199.835
199.838
199.842
199.844
199.849
199.854
199.856
199.870
199.872
199.876
199.903
199.914
199.916
199.918
199.923
199.924
199.926
199.929
199.948
199.950
199.956
199.956
199.958
199.959
199.965
199.968
199.970
199.970
199.975
199.978
199.985
199.988
199.992
199.996
200.000
200.005
200.011
200.016
200.019
200.032
200.038
200.040
200.043
200.048
200.056
200.056
200.062
200.069
200.085
200.085
200.086
200.089
200.098
200.103
200.105
200.118
200.121
200.134
200.142
200.143
200.158
200.170
200.180
200.184
200.184
200.189
200.194
200.205
200.221
200.223
200.223
200.226
200.229
200.234
200.238
200.241
200.244
200.244
200.248
200.248
200.249
200.251
200.259
200.288
200.289
200.290
200.294
200.295
200.310
200.322
200.322
200.322
200.322
200.324
200.330
200.331
200.332
200.352
200.354
200.360
200.360
200.360
200.366
200.370
200.376
200.381
200.384
200.412
200.427
200.428
200.429
200.429
200.432
200.437
200.439
200.449
200.450
200.453
200.455
200.457
200.457
200.457
200.469
200.478
200.488
200.489
200.493
200.505
200.505
200.515
200.525
200.530
200.531
200.531
200.535
200.540
200.548
200.548
200.551
200.554
200.558
200.579
200.585
200.598
200.599
200.602
200.604
200.611
200.621
200.625
200.640
200.643
200.652
200.657
200.660
200.673
200.675
200.676
200.676
200.677
200.678
200.681
200.685
200.692
200.696
200.710
200.711
200.720
200.737
200.747
200.751
200.752
200.755
200.758
200.762
200.765
200.765
200.765
200.769
200.774
200.776
200.781
200.791
200.793
200.795
200.804
200.816
200.826
200.832
200.836
200.837
200.846
200.847
200.847
200.858
200.860
200.861
200.863
200.869
200.871
200.874
200.875
200.878
200.879
200.880
200.881
200.884
200.898
200.905
200.913
200.913
200.926
200.928
200.930
200.937
200.937
200.944
200.951
200.965
200.967
200.980
200.982
200.994
201.002
201.006
201.022
201.031
201.041
201.048
201.050
201.052
201.055
201.059
201.069
201.070
201.079
201.093
201.108
201.110
201.122
201.126
201.127
201.132
201.142
201.143
201.147
201.147
201.148
201.154
201.158
201.162
201.169
201.170
201.174
201.177
201.192
201.195
201.196
201.207
201.211
201.223
201.237
201.238
201.248
201.250
201.251
201.251
201.252
201.253
201.260
201.264
201.269
201.273
201.275
201.276
201.282
201.288
201.298
201.301
201.309
201.310
201.317
201.325
201.328
201.331
201.347
201.356
201.356
201.358
201.372
201.373
201.390
201.394
201.394
201.400
201.409
201.410
201.411
201.414
201.417
201.419
201.420
201.421
201.421
201.423
201.428
201.429
201.433
201.435
201.437
201.448
201.449
201.450
201.457
201.469
201.474
201.478
201.484
201.513
201.529
201.533
201.537
201.541
201.543
201.547
201.557
201.562
201.562
201.565
201.567
201.582
201.596
201.609
201.609
201.619
201.624
201.625
201.627
201.627
201.631
201.637
201.654
201.663
201.664
201.670
201.675
201.678
201.685
201.697
201.699
201.700
201.711
201.712
201.715
201.723
201.723
201.726
201.727
201.735
201.749
201.749
201.764
201.771
201.773
201.780
201.782
201.784
201.789
201.800
201.807
201.809
201.816
201.818
201.818
201.830
201.836
201.840
201.872
201.885
201.887
201.889
201.900
201.907
201.909
201.914
201.919
201.930
201.937
201.950
201.953
201.958
201.967
201.975
201.996
202.008
202.015
202.029
202.039
202.059
202.067
202.091
202.092
202.098
202.107
202.110
202.114
202.120
202.130
202.136
202.140
202.142
202.146
202.148
202.152
202.153
202.164
202.165
202.166
202.166
202.168
202.190
202.193
202.195
202.197
202.203
202.208
202.215
202.215
202.224
202.224
202.235
202.241
202.243
202.248
202.255
202.256
202.266
202.267
202.267
202.275
202.287
202.295
202.308
202.321
202.321
202.324
202.335
202.346
202.348
202.364
202.365
202.368
202.375
202.383
202.387
202.395
202.405
202.405
202.407
202.414
202.416
202.418
202.424
202.424
202.427
202.431
202.436
202.442
202.446
202.447
202.448
202.452
202.455
202.460
202.474
202.492
202.499
202.515
202.521
202.531
202.551
202.558
202.564
202.564
202.574
202.576
202.585
202.599
202.599
202.604
202.606
202.612
202.612
202.619
202.625
202.631
202.633
202.646
202.647
202.648
202.651
202.654
202.657
202.660
202.663
202.669
202.682
202.689
202.704
202.706
202.712
202.719
202.724
202.730
202.733
202.739
202.741
202.741
202.753
202.766
202.769
202.775
202.785
202.791
202.796
202.799
202.806
202.813
202.818
202.821
202.832
202.833
202.837
202.841
202.842
202.848
202.851
202.857
202.861
202.865
202.865
202.868
202.873
202.875
202.881
202.882
202.892
202.892
202.894
202.895
202.902
202.902
202.915
202.922
202.927
202.929
202.935
202.941
202.945
202.952
202.964
202.965
202.974
202.976
202.985
202.988
202.991
202.995
203.005
203.005
203.009
203.027
203.030
203.039
203.045
203.060
203.061
203.070
203.073
203.076
203.088
203.094
203.095
203.095
203.098
203.124
203.137
203.144
203.148
203.152
203.153
203.153
203.154
203.154
203.160
203.161
203.164
203.178
203.187
203.200
203.212
203.218
203.221
203.222
203.235
203.243
203.246
203.252
203.260
203.262
203.276
203.281
203.281
203.287
203.301
203.304
203.305
203.324
203.326
203.327
203.331
203.334
203.357
203.361
203.379
203.381
203.383
203.384
203.385
203.391
203.400
203.404
203.408
203.418
203.428
203.434
203.448
203.463
203.471
203.484
203.495
203.498
203.509
203.509
203.517
203.517
203.520
203.524
203.533
203.542
203.551
203.561
203.564
203.574
203.590
203.592
203.592
203.595
203.607
203.608
203.611
203.612
203.617
203.617
203.620
203.633
203.634
203.651
203.653
203.653
203.680
203.684
203.689
203.695
203.700
203.706
203.714
203.738
203.751
203.754
203.756
203.762
203.766
203.771
203.772
203.774
203.783
203.790
203.797
203.799
203.806
203.808
203.813
203.822
203.831
203.834
203.843
203.852
203.854
203.856
203.868
203.894
203.898
203.898
203.901
203.902
203.927
203.953
203.957
203.957
203.959
203.963
203.967
203.973
203.985
203.996
204.009
204.028
204.037
204.039
204.049
204.055
204.062
204.067
204.072
204.076
204.082
204.092
204.099
204.100
204.127
204.134
204.137
204.144
204.151
204.152
204.160
204.164
204.181
204.181
204.187
204.191
204.200
204.205
204.211
204.211
204.214
204.228
204.257
204.257
204.284
204.286
204.290
204.292
204.306
204.334
204.339
204.340
204.356
204.361
204.378
204.393
204.397
204.400
204.411
204.440
204.451
204.453
204.480
204.484
204.490
204.491
204.502
204.520
204.521
204.531
204.534
204.538
204.538
204.539
204.551
204.565
204.567
204.603
204.607
204.610
204.620
204.624
204.626
204.634
204.660
204.662
204.667
204.670
204.673
204.699
204.702
204.703
204.706
204.718
204.729
204.735
204.743
204.744
204.760
204.762
204.763
204.763
204.768
204.770
204.773
204.780
204.790
204.797
204.798
204.822
204.836
204.837
204.838
204.869
204.881
204.885
204.886
204.887
204.897
204.898
204.908
204.910
204.933
204.935
204.935
204.943
204.944
204.954
204.974
204.977
204.983
204.993
205.016
205.027
205.027
205.043
205.070
205.083
205.086
205.088
205.097
205.099
205.104
205.108
205.115
205.133
205.139
205.154
205.166
205.172
205.185
205.194
205.196
205.292
205.300
205.341
205.348
205.364
205.373
205.386
205.389
205.394
205.404
205.405
205.406
205.419
205.439
205.447
205.474
205.475
205.495
205.496
205.520
205.529
205.545
205.552
205.562
205.565
205.568
205.570
205.577
205.586
205.587
205.604
205.607
205.617
205.626
205.637
205.644
205.661
205.663
205.671
205.672
205.682
205.751
205.754
205.770
205.790
205.801
205.802
205.814
205.818
205.822
205.824
205.825
205.834
205.844
205.848
205.887
205.896
205.912
205.984
205.999
206.002
206.006
206.006
206.010
206.033
206.037
206.049
206.054
206.129
206.176
206.194
206.209
206.266
206.277
206.281
206.298
206.307
206.377
206.382
206.430
206.491
206.494
206.496
206.530
206.537
206.556
206.590
206.623
206.625
206.638
206.656
206.696
206.735
206.756
206.762
206.780
206.786
206.828
206.862
206.895
206.916
206.940
206.944
207.009
207.028
207.098
207.130
207.184
207.192
207.192
207.201
207.208
207.228
207.242
207.293
207.326
207.394
207.433
207.459
207.513
207.573
207.607
207.627
207.778
207.835
207.861
207.869
207.894
207.971
207.985
207.991
208.006
208.028
208.060
208.069
208.136
208.141
208.180
208.290
208.341
208.349
208.404
208.430
208.462
208.562
208.578
208.590
208.601
208.615
208.665
208.681
208.684
208.736
208.738
208.839
208.851
208.901
209.002
209.063
209.122
209.156
209.166
209.173
209.195
209.229
209.326
209.398
209.441
209.457
209.529
209.591
209.596
209.602
209.641
209.699
209.747
209.749
209.752
209.758
209.946
209.950
209.978
209.990
210.170
210.247
210.344
210.359
210.400
210.415
210.446
210.584
210.607
210.612
210.658
210.840
210.968
210.972
210.995
211.078
211.079
211.120
211.120
211.194
211.229
211.353
211.451
211.456
211.472
211.651
211.661
211.737
212.189
212.238
212.385
212.432
212.476
212.582
212.595
212.650
212.669
212.758
212.775
212.775
212.960
213.049
213.076
213.111
213.233
213.501
213.538
213.598
213.689
213.831
213.883
213.999
214.029
214.096
214.165
214.186
214.333
214.450
214.570
214.573
214.589
214.892
214.921
214.943
215.038
215.111
215.201
215.268
215.376
215.422
215.453
215.464
215.500
215.507
215.671
215.695
215.786
215.840
215.954
216.346
216.385
216.430
216.453
216.493
216.607
216.613
216.663
216.842
217.161
217.440
217.447
217.570
217.594
217.626
217.631
217.765
217.782
217.898
218.010
218.222
218.270
218.322
218.513
218.546
218.687
218.786
218.896
218.998
219.004
219.005
219.024
219.428
219.443
219.452
219.520
219.552
219.559
219.763
219.768
219.838
219.919
219.975
220.002
220.081
220.199
220.246
220.284
220.303
220.413
220.480
220.543
220.591
220.641
220.661
220.677
220.740
220.803
220.820
220.852
220.900
220.983
221.044
221.076
221.108
221.127
221.495
221.589
221.654
221.730
221.810
221.922
221.940
222.416
222.477
222.547
222.580
222.603
222.628
222.673
222.776
222.832
223.052
223.136
223.192
223.374
223.424
223.430
223.439
223.482
223.589
223.672
223.697
224.081
224.165
224.557
224.588
224.627
224.784
224.819
224.862
224.967
225.000
225.095
225.168
225.254
225.375
225.466
225.481
225.594
225.771
226.037
226.105
226.238
226.365
226.423
226.599
226.646
227.049
227.500
227.517
227.603
227.936
228.265
228.419
228.976
229.108
229.181
229.580
229.586
229.661
229.728
229.882
229.895
229.900
229.917
229.942
230.103
230.105
230.140
230.156
230.182
230.381
230.453
230.456
230.682
230.732
230.760
230.794
230.821
230.898
231.097
231.304
231.664
231.716
231.718
231.832
231.949
232.018
232.091
232.168
232.252
232.276
232.283
232.363
232.372
232.892
233.035
233.103
233.239
233.271
233.277
233.695
233.703
233.964
233.985
234.030
234.146
234.215
234.647
234.726
234.736
234.887
234.893
234.987
235.270
235.287
235.298
235.321
235.354
235.368
235.718
235.959
235.966
236.016
236.023
236.301
236.518
236.738
236.772
236.968
237.062
237.453
237.467
237.543
237.556
237.610
237.627
237.891
237.994
238.063
238.154
238.537
238.602
238.623
239.169
239.189
239.377
239.383
239.488
239.519
239.528
239.658
239.686
239.761
239.861
240.037
240.062
240.123
240.178
240.199
240.230
240.452
240.704
240.951
241.110
241.147
241.211
241.242
241.379
241.889
242.082
242.155
242.268
242.315
243.180
243.223
243.290
243.665
243.771
243.817
243.907
244.031
244.039
244.055
244.174
244.176
244.245
244.690
244.741
244.820
244.968
244.973
245.381
245.448
245.599
245.657
246.028
246.167
246.845
246.912
247.092
247.100
247.178
247.218
247.522
247.596
247.995
248.256
248.303
248.661
248.849
249.102
249.487
249.607
249.738
249.811
250.026
250.076
250.410
250.571
250.605
250.645
251.295
251.299
251.488
251.528
251.535
251.558
251.645
252.040
252.487
252.675
253.291
253.590
253.961
254.202
254.390
254.705
255.006
255.115
255.144
255.177
255.228
255.388
255.720
256.217
256.767
256.933
257.069
257.283
257.383
257.493
257.613
257.720
258.314
258.368
258.376
258.498
258.539
258.649
258.735
258.856
258.871
258.961
259.053
259.090
259.833
260.374
260.741
261.085
261.208
261.467
261.555
261.730
262.223
262.260
262.310
262.541
262.857
262.864
263.144
263.391
263.496
263.518
263.541
263.603
263.665
263.759
264.227
264.394
264.785
264.995
265.693
265.840
266.153
266.320
266.339
266.582
266.754
266.826
266.874
267.155
267.227
267.297
267.525
267.734
267.829
268.712
268.758
268.920
269.058
269.151
269.592
269.704
269.987
270.184
270.401
270.734
270.834
271.310
271.314
271.340
271.376
271.408
271.592
271.674
271.692
271.935
272.442
272.866
273.958
274.366
274.604
274.628
274.718
274.769
274.879
275.103
275.108
275.839
275.839
275.861
276.059
276.083
276.734
276.736
276.773
277.602
277.804
278.697
279.100
279.187
279.367
279.403
279.725
279.954
280.258
280.447
280.878
281.191
281.564
281.879
281.886
282.535
282.649
282.731
283.003
283.628
283.995
284.106
284.365
284.608
284.914
285.384
285.466
285.516
286.007
286.045
286.092
286.813
287.285
287.905
288.480
288.565
288.879
289.081
289.830
290.119
290.518
290.748
290.846
290.954
291.878
291.939
292.648
292.907
292.993
293.344
293.583
293.678
293.769
294.357
295.066
296.406
296.756
297.783
298.256
298.316
298.316
298.644
298.757
299.290
299.408
299.781
300.026
300.179
300.326
300.406
301.070
301.279
301.331
301.356
301.983
301.985
302.255
302.335
302.545
302.709
302.838
302.944
303.245
303.402
303.752
304.133
304.177
304.315
304.370
304.605
304.617
304.635
304.658
304.680
304.737
304.920
305.152
305.173
305.375
305.375
305.377
305.503
305.539
305.652
305.714
305.937
305.943
305.973
306.020
306.026
306.069
306.098
306.113
306.170
306.178
306.190
306.202
306.218
306.222
306.242
306.247
306.253
306.259
306.283
306.284
306.290
306.320
306.370
306.395
306.489
306.675
306.715
306.746
306.771
306.781
306.859
306.928
306.964
307.021
307.054
307.076
307.152
307.164
307.168
307.177
307.219
307.271
307.282
307.411
307.432
307.456
307.590
307.661
307.743
307.897
307.914
308.058
308.107
308.431
308.450
308.946
308.951
308.993
309.012
309.443
309.958
310.210
310.216
310.340
310.618
310.722
310.744
310.763
310.880
310.894
310.953
311.185
311.346
311.456
311.542
311.594
311.702
311.829
311.855
311.958
311.971
311.996
312.470
312.804
312.854
313.060
313.369
313.398
313.689
313.738
313.768
313.794
314.071
314.160
314.204
314.715
314.737
314.739
314.919
315.017
315.109
315.255
315.490
316.037
316.391
317.011
317.313
317.371
317.975
317.996
318.042
318.102
318.163
318.290
318.602
318.627
318.866
318.982
319.275
319.510
320.342
320.808
320.926
321.240
321.272
321.350
321.541
321.679
322.079
322.590
323.007
323.259
323.337
323.468
324.097
325.405
325.405
326.326
326.363
326.426
326.576
327.035
327.152
327.375
327.546
327.625
328.047
328.668
329.185
329.489
330.839
332.103
332.209
332.875
334.122
334.703
334.752
334.815
335.504
335.874
336.616
337.829
338.023
338.485
339.107
342.734
343.732
343.860
344.638
344.781
345.598
348.239
348.619
351.076
351.678
355.171
355.619
356.211
357.010
358.558
360.664
364.368
364.485
364.876
365.114
365.576
369.349
374.280
374.535
376.259
376.839
377.089
378.065
378.907
380.954
381.625
381.750
381.934
382.097
382.628
382.677
383.406
384.409
386.744
389.059
389.660
391.709
392.281
392.833
394.865
395.226
395.241
395.559
395.609
396.740
397.575
397.862
398.387
399.571
401.764
403.596
404.215
406.380
406.486
406.929
407.432
407.821
408.084
408.101
408.177
408.527
408.647
408.988
409.200
409.511
410.066
410.792
411.910
414.311
414.559
415.605
415.703
416.071
416.673
419.034
419.077
419.823
422.988
423.084
423.481
426.452
427.807
432.127
436.214
437.731
441.730
442.685
454.252
462.646
464.569
481.002
486.022
495.431
499.138
515.929
520.705
606.180
607.204
660.216
